1.0000 1.0000 1.0000 1.0000 1.0000 1.0000 1.0000 1.0000 1.0000 1.0000 1.0000 1.0000 1.0000 1.0000 1.0000 1.0000 1.0000 1.0000 1.0000 1.0000 1.0000 1.0000 1.0000 1.0000 1.0000 1.0000 1.0000 1.0000 1.0000 1.0000 1.0000 1.0000 1.0000 1.0000 1.0000 1.0000 1.0000 1.0000 1.0000 1.0000 1.0000 1.0000 1.0000 1.0000 1.0000 1.0000 1.0000 1.0000 1.0000 1.0000 1.0000 1.0000 1.0000 1.0000 1.0000 1.0000 1.0000 1.0000 1.0000 1.0000 1.0000 1.0000 1.0000 1.0000 1.0000 1.0000 1.0000 1.0000 1.0000 1.0000 1.0000 1.0000 1.0000 1.0000 1.0000 1.0000 1.0000 1.0000 1.0000 1.0000 1.0000 1.0000 1.0000 1.0000 1.0000 1.0000 1.0000 1.0000 1.0000 1.0000 1.0000 1.0000 1.0000 1.0000 1.0000 1.0000 1.0000 1.0000 1.0000 1.0000 1.0000 
1.0000 0.9875 0.9752 0.9633 0.9522 0.9419 0.9326 0.9243 0.9170 0.9109 0.9057 0.9015 0.8981 0.8954 0.8933 0.8917 0.8906 0.8897 0.8891 0.8887 0.8884 0.8882 0.8881 0.8880 0.8879 0.8879 0.8879 0.8879 0.8879 0.8879 0.8879 0.8879 0.8879 0.8879 0.8879 0.8879 0.8879 0.8879 0.8879 0.8879 0.8879 0.8879 0.8879 0.8879 0.8879 0.8879 0.8879 0.8879 0.8879 0.8879 0.8879 0.8879 0.8879 0.8879 0.8879 0.8879 0.8879 0.8879 0.8879 0.8879 0.8879 0.8879 0.8879 0.8879 0.8879 0.8879 0.8879 0.8879 0.8879 0.8879 0.8879 0.8879 0.8879 0.8879 0.8879 0.8879 0.8879 0.8880 0.8881 0.8882 0.8884 0.8887 0.8891 0.8897 0.8906 0.8917 0.8933 0.8954 0.8981 0.9015 0.9057 0.9109 0.9170 0.9243 0.9326 0.9419 0.9522 0.9633 0.9752 0.9875 1.0000 
1.0000 0.9752 0.9508 0.9274 0.9053 0.8849 0.8664 0.8500 0.8357 0.8235 0.8133 0.8049 0.7981 0.7928 0.7887 0.7856 0.7833 0.7816 0.7804 0.7796 0.7790 0.7786 0.7783 0.7782 0.7781 0.7780 0.7780 0.7780 0.7779 0.7779 0.7779 0.7779 0.7779 0.7779 0.7779 0.7779 0.7779 0.7779 0.7779 0.7779 0.7779 0.7779 0.7779 0.7779 0.7779 0.7779 0.7779 0.7779 0.7779 0.7779 0.7779 0.7779 0.7779 0.7779 0.7779 0.7779 0.7779 0.7779 0.7779 0.7779 0.7779 0.7779 0.7779 0.7779 0.7779 0.7779 0.7779 0.7779 0.7779 0.7779 0.7779 0.7779 0.7779 0.7780 0.7780 0.7780 0.7781 0.7782 0.7783 0.7786 0.7790 0.7796 0.7804 0.7816 0.7833 0.7856 0.7887 0.7928 0.7981 0.8049 0.8133 0.8235 0.8357 0.8500 0.8664 0.8849 0.9053 0.9274 0.9508 0.9752 1.0000 
1.0000 0.9633 0.9274 0.8928 0.8602 0.8301 0.8029 0.7786 0.7575 0.7395 0.7244 0.7120 0.7021 0.6942 0.6882 0.6836 0.6801 0.6777 0.6759 0.6747 0.6738 0.6732 0.6729 0.6726 0.6725 0.6724 0.6723 0.6723 0.6723 0.6723 0.6723 0.6723 0.6723 0.6723 0.6723 0.6723 0.6723 0.6723 0.6722 0.6722 0.6722 0.6722 0.6722 0.6722 0.6722 0.6722 0.6722 0.6722 0.6722 0.6722 0.6722 0.6722 0.6722 0.6722 0.6722 0.6722 0.6722 0.6722 0.6722 0.6722 0.6722 0.6722 0.6722 0.6723 0.6723 0.6723 0.6723 0.6723 0.6723 0.6723 0.6723 0.6723 0.6723 0.6723 0.6723 0.6724 0.6725 0.6726 0.6729 0.6732 0.6738 0.6747 0.6759 0.6777 0.6801 0.6836 0.6882 0.6942 0.7021 0.7120 0.7244 0.7395 0.7575 0.7786 0.8029 0.8301 0.8602 0.8928 0.9274 0.9633 1.0000 
1.0000 0.9522 0.9053 0.8602 0.8178 0.7785 0.7429 0.7113 0.6838 0.6603 0.6407 0.6245 0.6115 0.6013 0.5934 0.5874 0.5830 0.5797 0.5774 0.5758 0.5747 0.5740 0.5735 0.5732 0.5730 0.5728 0.5728 0.5727 0.5727 0.5727 0.5727 0.5727 0.5727 0.5727 0.5727 0.5727 0.5727 0.5727 0.5727 0.5727 0.5727 0.5727 0.5727 0.5727 0.5727 0.5727 0.5727 0.5727 0.5727 0.5727 0.5727 0.5727 0.5727 0.5727 0.5727 0.5727 0.5727 0.5727 0.5727 0.5727 0.5727 0.5727 0.5727 0.5727 0.5727 0.5727 0.5727 0.5727 0.5727 0.5727 0.5727 0.5727 0.5727 0.5727 0.5728 0.5728 0.5730 0.5732 0.5735 0.5740 0.5747 0.5758 0.5774 0.5797 0.5830 0.5874 0.5934 0.6013 0.6115 0.6245 0.6407 0.6603 0.6838 0.7113 0.7429 0.7785 0.8178 0.8602 0.9053 0.9522 1.0000 
1.0000 0.9419 0.8849 0.8301 0.7785 0.7308 0.6876 0.6492 0.6157 0.5872 0.5633 0.5437 0.5279 0.5155 0.5059 0.4986 0.4932 0.4893 0.4865 0.4845 0.4832 0.4823 0.4817 0.4813 0.4810 0.4809 0.4808 0.4808 0.4807 0.4807 0.4807 0.4807 0.4807 0.4807 0.4807 0.4807 0.4807 0.4807 0.4807 0.4807 0.4807 0.4807 0.4807 0.4807 0.4807 0.4807 0.4807 0.4807 0.4807 0.4807 0.4807 0.4807 0.4807 0.4807 0.4807 0.4807 0.4807 0.4807 0.4807 0.4807 0.4807 0.4807 0.4807 0.4807 0.4807 0.4807 0.4807 0.4807 0.4807 0.4807 0.4807 0.4807 0.4807 0.4808 0.4808 0.4809 0.4810 0.4813 0.4817 0.4823 0.4832 0.4845 0.4865 0.4893 0.4932 0.4986 0.5059 0.5155 0.5279 0.5437 0.5633 0.5872 0.6157 0.6492 0.6876 0.7308 0.7785 0.8301 0.8849 0.9419 1.0000 
1.0000 0.9326 0.8664 0.8029 0.7429 0.6876 0.6374 0.5928 0.5540 0.5209 0.4932 0.4704 0.4521 0.4377 0.4266 0.4181 0.4119 0.4073 0.4041 0.4018 0.4002 0.3992 0.3985 0.3981 0.3978 0.3976 0.3975 0.3975 0.3974 0.3974 0.3974 0.3974 0.3974 0.3974 0.3974 0.3974 0.3974 0.3974 0.3974 0.3974 0.3974 0.3974 0.3974 0.3974 0.3974 0.3974 0.3974 0.3974 0.3974 0.3974 0.3974 0.3974 0.3974 0.3974 0.3974 0.3974 0.3974 0.3974 0.3974 0.3974 0.3974 0.3974 0.3974 0.3974 0.3974 0.3974 0.3974 0.3974 0.3974 0.3974 0.3974 0.3974 0.3974 0.3975 0.3975 0.3976 0.3978 0.3981 0.3985 0.3992 0.4002 0.4018 0.4041 0.4073 0.4119 0.4181 0.4266 0.4377 0.4521 0.4704 0.4932 0.5209 0.5540 0.5928 0.6374 0.6876 0.7429 0.8029 0.8664 0.9326 1.0000 
1.0000 0.9243 0.8500 0.7786 0.7113 0.6492 0.5928 0.5428 0.4993 0.4620 0.4309 0.4054 0.3849 0.3687 0.3562 0.3467 0.3397 0.3345 0.3309 0.3284 0.3266 0.3254 0.3247 0.3242 0.3239 0.3237 0.3236 0.3235 0.3235 0.3234 0.3234 0.3234 0.3234 0.3234 0.3234 0.3234 0.3234 0.3234 0.3234 0.3234 0.3234 0.3234 0.3234 0.3234 0.3234 0.3234 0.3234 0.3234 0.3234 0.3234 0.3234 0.3234 0.3234 0.3234 0.3234 0.3234 0.3234 0.3234 0.3234 0.3234 0.3234 0.3234 0.3234 0.3234 0.3234 0.3234 0.3234 0.3234 0.3234 0.3234 0.3234 0.3234 0.3235 0.3235 0.3236 0.3237 0.3239 0.3242 0.3247 0.3254 0.3266 0.3284 0.3309 0.3345 0.3397 0.3467 0.3562 0.3687 0.3849 0.4054 0.4309 0.4620 0.4993 0.5428 0.5928 0.6492 0.7113 0.7786 0.8500 0.9243 1.0000 
1.0000 0.9170 0.8357 0.7575 0.6838 0.6157 0.5540 0.4993 0.4515 0.4108 0.3767 0.3488 0.3263 0.3086 0.2949 0.2845 0.2768 0.2712 0.2672 0.2644 0.2625 0.2613 0.2604 0.2599 0.2595 0.2593 0.2592 0.2591 0.2591 0.2591 0.2590 0.2590 0.2590 0.2590 0.2590 0.2590 0.2590 0.2590 0.2590 0.2590 0.2590 0.2590 0.2590 0.2590 0.2590 0.2590 0.2590 0.2590 0.2590 0.2590 0.2590 0.2590 0.2590 0.2590 0.2590 0.2590 0.2590 0.2590 0.2590 0.2590 0.2590 0.2590 0.2590 0.2590 0.2590 0.2590 0.2590 0.2590 0.2590 0.2590 0.2590 0.2591 0.2591 0.2591 0.2592 0.2593 0.2595 0.2599 0.2604 0.2613 0.2625 0.2644 0.2672 0.2712 0.2768 0.2845 0.2949 0.3086 0.3263 0.3488 0.3767 0.4108 0.4515 0.4993 0.5540 0.6157 0.6838 0.7575 0.8357 0.9170 1.0000 
1.0000 0.9109 0.8235 0.7395 0.6603 0.5872 0.5209 0.4620 0.4108 0.3671 0.3305 0.3004 0.2763 0.2573 0.2426 0.2314 0.2232 0.2172 0.2129 0.2099 0.2079 0.2065 0.2056 0.2050 0.2046 0.2044 0.2043 0.2042 0.2042 0.2041 0.2041 0.2041 0.2041 0.2041 0.2041 0.2041 0.2041 0.2041 0.2041 0.2041 0.2041 0.2041 0.2041 0.2041 0.2041 0.2041 0.2041 0.2041 0.2041 0.2041 0.2041 0.2041 0.2041 0.2041 0.2041 0.2041 0.2041 0.2041 0.2041 0.2041 0.2041 0.2041 0.2041 0.2041 0.2041 0.2041 0.2041 0.2041 0.2041 0.2041 0.2041 0.2041 0.2042 0.2042 0.2043 0.2044 0.2046 0.2050 0.2056 0.2065 0.2079 0.2099 0.2129 0.2172 0.2232 0.2314 0.2426 0.2573 0.2763 0.3004 0.3305 0.3671 0.4108 0.4620 0.5209 0.5872 0.6603 0.7395 0.8235 0.9109 1.0000 
1.0000 0.9057 0.8133 0.7244 0.6407 0.5633 0.4932 0.4309 0.3767 0.3305 0.2917 0.2600 0.2345 0.2143 0.1988 0.1870 0.1783 0.1720 0.1674 0.1643 0.1621 0.1607 0.1597 0.1591 0.1587 0.1585 0.1584 0.1583 0.1582 0.1582 0.1582 0.1582 0.1582 0.1582 0.1582 0.1582 0.1582 0.1582 0.1582 0.1582 0.1582 0.1582 0.1582 0.1582 0.1582 0.1582 0.1582 0.1582 0.1582 0.1582 0.1582 0.1582 0.1582 0.1582 0.1582 0.1582 0.1582 0.1582 0.1582 0.1582 0.1582 0.1582 0.1582 0.1582 0.1582 0.1582 0.1582 0.1582 0.1582 0.1582 0.1582 0.1582 0.1582 0.1583 0.1584 0.1585 0.1587 0.1591 0.1597 0.1607 0.1621 0.1643 0.1674 0.1720 0.1783 0.1870 0.1988 0.2143 0.2345 0.2600 0.2917 0.3305 0.3767 0.4309 0.4932 0.5633 0.6407 0.7244 0.8133 0.9057 1.0000 
1.0000 0.9015 0.8049 0.7120 0.6245 0.5437 0.4704 0.4054 0.3488 0.3004 0.2600 0.2268 0.2002 0.1792 0.1629 0.1506 0.1415 0.1349 0.1302 0.1269 0.1246 0.1231 0.1221 0.1215 0.1211 0.1209 0.1207 0.1206 0.1206 0.1205 0.1205 0.1205 0.1205 0.1205 0.1205 0.1205 0.1205 0.1205 0.1205 0.1205 0.1205 0.1205 0.1205 0.1205 0.1205 0.1205 0.1205 0.1205 0.1205 0.1205 0.1205 0.1205 0.1205 0.1205 0.1205 0.1205 0.1205 0.1205 0.1205 0.1205 0.1205 0.1205 0.1205 0.1205 0.1205 0.1205 0.1205 0.1205 0.1205 0.1205 0.1205 0.1205 0.1206 0.1206 0.1207 0.1209 0.1211 0.1215 0.1221 0.1231 0.1246 0.1269 0.1302 0.1349 0.1415 0.1506 0.1629 0.1792 0.2002 0.2268 0.2600 0.3004 0.3488 0.4054 0.4704 0.5437 0.6245 0.7120 0.8049 0.9015 1.0000 
1.0000 0.8981 0.7981 0.7021 0.6115 0.5279 0.4521 0.3849 0.3263 0.2763 0.2345 0.2002 0.1726 0.1509 0.1341 0.1214 0.1120 0.1051 0.1002 0.0968 0.0945 0.0930 0.0919 0.0913 0.0909 0.0906 0.0904 0.0904 0.0903 0.0903 0.0903 0.0902 0.0902 0.0902 0.0902 0.0902 0.0902 0.0902 0.0902 0.0902 0.0902 0.0902 0.0902 0.0902 0.0902 0.0902 0.0902 0.0902 0.0902 0.0902 0.0902 0.0902 0.0902 0.0902 0.0902 0.0902 0.0902 0.0902 0.0902 0.0902 0.0902 0.0902 0.0902 0.0902 0.0902 0.0902 0.0902 0.0902 0.0902 0.0902 0.0903 0.0903 0.0903 0.0904 0.0904 0.0906 0.0909 0.0913 0.0919 0.0930 0.0945 0.0968 0.1002 0.1051 0.1120 0.1214 0.1341 0.1509 0.1726 0.2002 0.2345 0.2763 0.3263 0.3849 0.4521 0.5279 0.6115 0.7021 0.7981 0.8981 1.0000 
1.0000 0.8954 0.7928 0.6942 0.6013 0.5155 0.4377 0.3687 0.3086 0.2573 0.2143 0.1792 0.1509 0.1286 0.1114 0.0983 0.0887 0.0817 0.0767 0.0732 0.0708 0.0692 0.0681 0.0675 0.0670 0.0668 0.0666 0.0665 0.0665 0.0664 0.0664 0.0664 0.0664 0.0664 0.0664 0.0664 0.0664 0.0664 0.0664 0.0664 0.0664 0.0664 0.0664 0.0664 0.0664 0.0664 0.0664 0.0664 0.0664 0.0664 0.0664 0.0664 0.0664 0.0664 0.0664 0.0664 0.0664 0.0664 0.0664 0.0664 0.0664 0.0664 0.0664 0.0664 0.0664 0.0664 0.0664 0.0664 0.0664 0.0664 0.0664 0.0664 0.0665 0.0665 0.0666 0.0668 0.0670 0.0675 0.0681 0.0692 0.0708 0.0732 0.0767 0.0817 0.0887 0.0983 0.1114 0.1286 0.1509 0.1792 0.2143 0.2573 0.3086 0.3687 0.4377 0.5155 0.6013 0.6942 0.7928 0.8954 1.0000 
1.0000 0.8933 0.7887 0.6882 0.5934 0.5059 0.4266 0.3562 0.2949 0.2426 0.1988 0.1629 0.1341 0.1114 0.0938 0.0805 0.0707 0.0635 0.0584 0.0549 0.0525 0.0508 0.0498 0.0491 0.0486 0.0484 0.0482 0.0481 0.0481 0.0480 0.0480 0.0480 0.0480 0.0480 0.0480 0.0480 0.0480 0.0480 0.0480 0.0480 0.0480 0.0480 0.0480 0.0480 0.0480 0.0480 0.0480 0.0480 0.0480 0.0480 0.0480 0.0480 0.0480 0.0480 0.0480 0.0480 0.0480 0.0480 0.0480 0.0480 0.0480 0.0480 0.0480 0.0480 0.0480 0.0480 0.0480 0.0480 0.0480 0.0480 0.0480 0.0480 0.0481 0.0481 0.0482 0.0484 0.0486 0.0491 0.0498 0.0508 0.0525 0.0549 0.0584 0.0635 0.0707 0.0805 0.0938 0.1114 0.1341 0.1629 0.1988 0.2426 0.2949 0.3562 0.4266 0.5059 0.5934 0.6882 0.7887 0.8933 1.0000 
1.0000 0.8917 0.7856 0.6836 0.5874 0.4986 0.4181 0.3467 0.2845 0.2314 0.1870 0.1506 0.1214 0.0983 0.0805 0.0671 0.0571 0.0498 0.0447 0.0411 0.0386 0.0370 0.0359 0.0352 0.0347 0.0345 0.0343 0.0342 0.0341 0.0341 0.0341 0.0341 0.0341 0.0341 0.0341 0.0341 0.0341 0.0341 0.0341 0.0341 0.0341 0.0341 0.0341 0.0341 0.0341 0.0341 0.0341 0.0341 0.0341 0.0341 0.0341 0.0341 0.0341 0.0341 0.0341 0.0341 0.0341 0.0341 0.0341 0.0341 0.0341 0.0341 0.0341 0.0341 0.0341 0.0341 0.0341 0.0341 0.0341 0.0341 0.0341 0.0341 0.0341 0.0342 0.0343 0.0345 0.0347 0.0352 0.0359 0.0370 0.0386 0.0411 0.0447 0.0498 0.0571 0.0671 0.0805 0.0983 0.1214 0.1506 0.1870 0.2314 0.2845 0.3467 0.4181 0.4986 0.5874 0.6836 0.7856 0.8917 1.0000 
1.0000 0.8906 0.7833 0.6801 0.5830 0.4932 0.4119 0.3397 0.2768 0.2232 0.1783 0.1415 0.1120 0.0887 0.0707 0.0571 0.0470 0.0397 0.0345 0.0308 0.0283 0.0267 0.0256 0.0249 0.0244 0.0241 0.0240 0.0239 0.0238 0.0238 0.0238 0.0238 0.0238 0.0238 0.0238 0.0238 0.0238 0.0238 0.0238 0.0238 0.0238 0.0238 0.0238 0.0238 0.0238 0.0238 0.0238 0.0238 0.0238 0.0238 0.0238 0.0238 0.0238 0.0238 0.0238 0.0238 0.0238 0.0238 0.0238 0.0238 0.0238 0.0238 0.0238 0.0238 0.0238 0.0238 0.0238 0.0238 0.0238 0.0238 0.0238 0.0238 0.0238 0.0239 0.0240 0.0241 0.0244 0.0249 0.0256 0.0267 0.0283 0.0308 0.0345 0.0397 0.0470 0.0571 0.0707 0.0887 0.1120 0.1415 0.1783 0.2232 0.2768 0.3397 0.4119 0.4932 0.5830 0.6801 0.7833 0.8906 1.0000 
1.0000 0.8897 0.7816 0.6777 0.5797 0.4893 0.4073 0.3345 0.2712 0.2172 0.1720 0.1349 0.1051 0.0817 0.0635 0.0498 0.0397 0.0323 0.0270 0.0234 0.0209 0.0192 0.0181 0.0174 0.0169 0.0167 0.0165 0.0164 0.0163 0.0163 0.0163 0.0163 0.0163 0.0163 0.0163 0.0163 0.0163 0.0163 0.0163 0.0163 0.0163 0.0163 0.0163 0.0163 0.0163 0.0163 0.0163 0.0163 0.0163 0.0163 0.0163 0.0163 0.0163 0.0163 0.0163 0.0163 0.0163 0.0163 0.0163 0.0163 0.0163 0.0163 0.0163 0.0163 0.0163 0.0163 0.0163 0.0163 0.0163 0.0163 0.0163 0.0163 0.0163 0.0164 0.0165 0.0167 0.0169 0.0174 0.0181 0.0192 0.0209 0.0234 0.0270 0.0323 0.0397 0.0498 0.0635 0.0817 0.1051 0.1349 0.1720 0.2172 0.2712 0.3345 0.4073 0.4893 0.5797 0.6777 0.7816 0.8897 1.0000 
1.0000 0.8891 0.7804 0.6759 0.5774 0.4865 0.4041 0.3309 0.2672 0.2129 0.1674 0.1302 0.1002 0.0767 0.0584 0.0447 0.0345 0.0270 0.0217 0.0181 0.0155 0.0139 0.0128 0.0120 0.0116 0.0113 0.0112 0.0111 0.0110 0.0110 0.0109 0.0109 0.0109 0.0109 0.0109 0.0109 0.0109 0.0109 0.0109 0.0109 0.0109 0.0109 0.0109 0.0109 0.0109 0.0109 0.0109 0.0109 0.0109 0.0109 0.0109 0.0109 0.0109 0.0109 0.0109 0.0109 0.0109 0.0109 0.0109 0.0109 0.0109 0.0109 0.0109 0.0109 0.0109 0.0109 0.0109 0.0109 0.0109 0.0109 0.0109 0.0110 0.0110 0.0111 0.0112 0.0113 0.0116 0.0120 0.0128 0.0139 0.0155 0.0181 0.0217 0.0270 0.0345 0.0447 0.0584 0.0767 0.1002 0.1302 0.1674 0.2129 0.2672 0.3309 0.4041 0.4865 0.5774 0.6759 0.7804 0.8891 1.0000 
1.0000 0.8887 0.7796 0.6747 0.5758 0.4845 0.4018 0.3284 0.2644 0.2099 0.1643 0.1269 0.0968 0.0732 0.0549 0.0411 0.0308 0.0234 0.0181 0.0144 0.0118 0.0101 0.0090 0.0083 0.0079 0.0076 0.0074 0.0073 0.0073 0.0072 0.0072 0.0072 0.0072 0.0072 0.0072 0.0072 0.0072 0.0072 0.0072 0.0072 0.0072 0.0072 0.0072 0.0072 0.0072 0.0072 0.0072 0.0072 0.0072 0.0072 0.0072 0.0072 0.0072 0.0072 0.0072 0.0072 0.0072 0.0072 0.0072 0.0072 0.0072 0.0072 0.0072 0.0072 0.0072 0.0072 0.0072 0.0072 0.0072 0.0072 0.0072 0.0072 0.0073 0.0073 0.0074 0.0076 0.0079 0.0083 0.0090 0.0101 0.0118 0.0144 0.0181 0.0234 0.0308 0.0411 0.0549 0.0732 0.0968 0.1269 0.1643 0.2099 0.2644 0.3284 0.4018 0.4845 0.5758 0.6747 0.7796 0.8887 1.0000 
1.0000 0.8884 0.7790 0.6738 0.5747 0.4832 0.4002 0.3266 0.2625 0.2079 0.1621 0.1246 0.0945 0.0708 0.0525 0.0386 0.0283 0.0209 0.0155 0.0118 0.0093 0.0076 0.0065 0.0058 0.0053 0.0051 0.0049 0.0048 0.0047 0.0047 0.0047 0.0047 0.0047 0.0047 0.0047 0.0047 0.0047 0.0047 0.0047 0.0047 0.0047 0.0047 0.0047 0.0047 0.0047 0.0047 0.0047 0.0047 0.0047 0.0047 0.0047 0.0047 0.0047 0.0047 0.0047 0.0047 0.0047 0.0047 0.0047 0.0047 0.0047 0.0047 0.0047 0.0047 0.0047 0.0047 0.0047 0.0047 0.0047 0.0047 0.0047 0.0047 0.0047 0.0048 0.0049 0.0051 0.0053 0.0058 0.0065 0.0076 0.0093 0.0118 0.0155 0.0209 0.0283 0.0386 0.0525 0.0708 0.0945 0.1246 0.1621 0.2079 0.2625 0.3266 0.4002 0.4832 0.5747 0.6738 0.7790 0.8884 1.0000 
1.0000 0.8882 0.7786 0.6732 0.5740 0.4823 0.3992 0.3254 0.2613 0.2065 0.1607 0.1231 0.0930 0.0692 0.0508 0.0370 0.0267 0.0192 0.0139 0.0101 0.0076 0.0059 0.0048 0.0041 0.0036 0.0034 0.0032 0.0031 0.0030 0.0030 0.0030 0.0030 0.0030 0.0030 0.0030 0.0030 0.0030 0.0030 0.0030 0.0030 0.0030 0.0030 0.0030 0.0030 0.0030 0.0030 0.0030 0.0030 0.0030 0.0030 0.0030 0.0030 0.0030 0.0030 0.0030 0.0030 0.0030 0.0030 0.0030 0.0030 0.0030 0.0030 0.0030 0.0030 0.0030 0.0030 0.0030 0.0030 0.0030 0.0030 0.0030 0.0030 0.0030 0.0031 0.0032 0.0034 0.0036 0.0041 0.0048 0.0059 0.0076 0.0101 0.0139 0.0192 0.0267 0.0370 0.0508 0.0692 0.0930 0.1231 0.1607 0.2065 0.2613 0.3254 0.3992 0.4823 0.5740 0.6732 0.7786 0.8882 1.0000 
1.0000 0.8881 0.7783 0.6729 0.5735 0.4817 0.3985 0.3247 0.2604 0.2056 0.1597 0.1221 0.0919 0.0681 0.0498 0.0359 0.0256 0.0181 0.0128 0.0090 0.0065 0.0048 0.0037 0.0030 0.0025 0.0022 0.0021 0.0020 0.0019 0.0019 0.0019 0.0019 0.0018 0.0018 0.0018 0.0018 0.0018 0.0018 0.0018 0.0018 0.0018 0.0018 0.0018 0.0018 0.0018 0.0018 0.0018 0.0018 0.0018 0.0018 0.0018 0.0018 0.0018 0.0018 0.0018 0.0018 0.0018 0.0018 0.0018 0.0018 0.0018 0.0018 0.0018 0.0018 0.0018 0.0018 0.0018 0.0018 0.0018 0.0019 0.0019 0.0019 0.0019 0.0020 0.0021 0.0022 0.0025 0.0030 0.0037 0.0048 0.0065 0.0090 0.0128 0.0181 0.0256 0.0359 0.0498 0.0681 0.0919 0.1221 0.1597 0.2056 0.2604 0.3247 0.3985 0.4817 0.5735 0.6729 0.7783 0.8881 1.0000 
1.0000 0.8880 0.7782 0.6726 0.5732 0.4813 0.3981 0.3242 0.2599 0.2050 0.1591 0.1215 0.0913 0.0675 0.0491 0.0352 0.0249 0.0174 0.0120 0.0083 0.0058 0.0041 0.0030 0.0022 0.0018 0.0015 0.0013 0.0013 0.0012 0.0012 0.0011 0.0011 0.0011 0.0011 0.0011 0.0011 0.0011 0.0011 0.0011 0.0011 0.0011 0.0011 0.0011 0.0011 0.0011 0.0011 0.0011 0.0011 0.0011 0.0011 0.0011 0.0011 0.0011 0.0011 0.0011 0.0011 0.0011 0.0011 0.0011 0.0011 0.0011 0.0011 0.0011 0.0011 0.0011 0.0011 0.0011 0.0011 0.0011 0.0011 0.0011 0.0012 0.0012 0.0013 0.0013 0.0015 0.0018 0.0022 0.0030 0.0041 0.0058 0.0083 0.0120 0.0174 0.0249 0.0352 0.0491 0.0675 0.0913 0.1215 0.1591 0.2050 0.2599 0.3242 0.3981 0.4813 0.5732 0.6726 0.7782 0.8880 1.0000 
1.0000 0.8879 0.7781 0.6725 0.5730 0.4810 0.3978 0.3239 0.2595 0.2046 0.1587 0.1211 0.0909 0.0670 0.0486 0.0347 0.0244 0.0169 0.0116 0.0079 0.0053 0.0036 0.0025 0.0018 0.0013 0.0011 0.0009 0.0008 0.0007 0.0007 0.0007 0.0007 0.0007 0.0007 0.0007 0.0007 0.0007 0.0007 0.0007 0.0007 0.0007 0.0007 0.0007 0.0007 0.0007 0.0007 0.0007 0.0007 0.0007 0.0007 0.0007 0.0007 0.0007 0.0007 0.0007 0.0007 0.0007 0.0007 0.0007 0.0007 0.0007 0.0007 0.0007 0.0007 0.0007 0.0007 0.0007 0.0007 0.0007 0.0007 0.0007 0.0007 0.0007 0.0008 0.0009 0.0011 0.0013 0.0018 0.0025 0.0036 0.0053 0.0079 0.0116 0.0169 0.0244 0.0347 0.0486 0.0670 0.0909 0.1211 0.1587 0.2046 0.2595 0.3239 0.3978 0.4810 0.5730 0.6725 0.7781 0.8879 1.0000 
1.0000 0.8879 0.7780 0.6724 0.5728 0.4809 0.3976 0.3237 0.2593 0.2044 0.1585 0.1209 0.0906 0.0668 0.0484 0.0345 0.0241 0.0167 0.0113 0.0076 0.0051 0.0034 0.0022 0.0015 0.0011 0.0008 0.0006 0.0005 0.0005 0.0004 0.0004 0.0004 0.0004 0.0004 0.0004 0.0004 0.0004 0.0004 0.0004 0.0004 0.0004 0.0004 0.0004 0.0004 0.0004 0.0004 0.0004 0.0004 0.0004 0.0004 0.0004 0.0004 0.0004 0.0004 0.0004 0.0004 0.0004 0.0004 0.0004 0.0004 0.0004 0.0004 0.0004 0.0004 0.0004 0.0004 0.0004 0.0004 0.0004 0.0004 0.0004 0.0004 0.0005 0.0005 0.0006 0.0008 0.0011 0.0015 0.0022 0.0034 0.0051 0.0076 0.0113 0.0167 0.0241 0.0345 0.0484 0.0668 0.0906 0.1209 0.1585 0.2044 0.2593 0.3237 0.3976 0.4809 0.5728 0.6724 0.7780 0.8879 1.0000 
1.0000 0.8879 0.7780 0.6723 0.5728 0.4808 0.3975 0.3236 0.2592 0.2043 0.1584 0.1207 0.0904 0.0666 0.0482 0.0343 0.0240 0.0165 0.0112 0.0074 0.0049 0.0032 0.0021 0.0013 0.0009 0.0006 0.0005 0.0004 0.0003 0.0003 0.0002 0.0002 0.0002 0.0002 0.0002 0.0002 0.0002 0.0002 0.0002 0.0002 0.0002 0.0002 0.0002 0.0002 0.0002 0.0002 0.0002 0.0002 0.0002 0.0002 0.0002 0.0002 0.0002 0.0002 0.0002 0.0002 0.0002 0.0002 0.0002 0.0002 0.0002 0.0002 0.0002 0.0002 0.0002 0.0002 0.0002 0.0002 0.0002 0.0002 0.0002 0.0003 0.0003 0.0004 0.0005 0.0006 0.0009 0.0013 0.0021 0.0032 0.0049 0.0074 0.0112 0.0165 0.0240 0.0343 0.0482 0.0666 0.0904 0.1207 0.1584 0.2043 0.2592 0.3236 0.3975 0.4808 0.5728 0.6723 0.7780 0.8879 1.0000 
1.0000 0.8879 0.7780 0.6723 0.5727 0.4808 0.3975 0.3235 0.2591 0.2042 0.1583 0.1206 0.0904 0.0665 0.0481 0.0342 0.0239 0.0164 0.0111 0.0073 0.0048 0.0031 0.0020 0.0013 0.0008 0.0005 0.0004 0.0003 0.0002 0.0002 0.0001 0.0001 0.0001 0.0001 0.0001 0.0001 0.0001 0.0001 0.0001 0.0001 0.0001 0.0001 0.0001 0.0001 0.0001 0.0001 0.0001 0.0001 0.0001 0.0001 0.0001 0.0001 0.0001 0.0001 0.0001 0.0001 0.0001 0.0001 0.0001 0.0001 0.0001 0.0001 0.0001 0.0001 0.0001 0.0001 0.0001 0.0001 0.0001 0.0001 0.0001 0.0002 0.0002 0.0003 0.0004 0.0005 0.0008 0.0013 0.0020 0.0031 0.0048 0.0073 0.0111 0.0164 0.0239 0.0342 0.0481 0.0665 0.0904 0.1206 0.1583 0.2042 0.2591 0.3235 0.3975 0.4808 0.5727 0.6723 0.7780 0.8879 1.0000 
1.0000 0.8879 0.7779 0.6723 0.5727 0.4807 0.3974 0.3235 0.2591 0.2042 0.1582 0.1206 0.0903 0.0665 0.0481 0.0341 0.0238 0.0163 0.0110 0.0073 0.0047 0.0030 0.0019 0.0012 0.0007 0.0005 0.0003 0.0002 0.0001 0.0001 0.0001 0.0001 0.0001 0.0001 0.0001 0.0001 0.0001 0.0001 0.0001 0.0001 0.0001 0.0001 0.0001 0.0001 0.0001 0.0001 0.0001 0.0001 0.0001 0.0001 0.0001 0.0001 0.0001 0.0001 0.0001 0.0001 0.0001 0.0001 0.0001 0.0001 0.0001 0.0001 0.0001 0.0001 0.0001 0.0001 0.0001 0.0001 0.0001 0.0001 0.0001 0.0001 0.0001 0.0002 0.0003 0.0005 0.0007 0.0012 0.0019 0.0030 0.0047 0.0073 0.0110 0.0163 0.0238 0.0341 0.0481 0.0665 0.0903 0.1206 0.1582 0.2042 0.2591 0.3235 0.3974 0.4807 0.5727 0.6723 0.7779 0.8879 1.0000 
1.0000 0.8879 0.7779 0.6723 0.5727 0.4807 0.3974 0.3234 0.2591 0.2041 0.1582 0.1205 0.0903 0.0664 0.0480 0.0341 0.0238 0.0163 0.0110 0.0072 0.0047 0.0030 0.0019 0.0012 0.0007 0.0004 0.0003 0.0002 0.0001 0.0001 0.0001 0.0000 0.0000 0.0000 0.0000 0.0000 0.0000 0.0000 0.0000 0.0000 0.0000 0.0000 0.0000 0.0000 0.0000 0.0000 0.0000 0.0000 0.0000 0.0000 0.0000 0.0000 0.0000 0.0000 0.0000 0.0000 0.0000 0.0000 0.0000 0.0000 0.0000 0.0000 0.0000 0.0000 0.0000 0.0000 0.0000 0.0000 0.0000 0.0000 0.0001 0.0001 0.0001 0.0002 0.0003 0.0004 0.0007 0.0012 0.0019 0.0030 0.0047 0.0072 0.0110 0.0163 0.0238 0.0341 0.0480 0.0664 0.0903 0.1205 0.1582 0.2041 0.2591 0.3234 0.3974 0.4807 0.5727 0.6723 0.7779 0.8879 1.0000 
1.0000 0.8879 0.7779 0.6723 0.5727 0.4807 0.3974 0.3234 0.2590 0.2041 0.1582 0.1205 0.0903 0.0664 0.0480 0.0341 0.0238 0.0163 0.0109 0.0072 0.0047 0.0030 0.0019 0.0011 0.0007 0.0004 0.0002 0.0001 0.0001 0.0001 0.0000 0.0000 0.0000 0.0000 0.0000 0.0000 0.0000 0.0000 0.0000 0.0000 0.0000 0.0000 0.0000 0.0000 0.0000 0.0000 0.0000 0.0000 0.0000 0.0000 0.0000 0.0000 0.0000 0.0000 0.0000 0.0000 0.0000 0.0000 0.0000 0.0000 0.0000 0.0000 0.0000 0.0000 0.0000 0.0000 0.0000 0.0000 0.0000 0.0000 0.0000 0.0001 0.0001 0.0001 0.0002 0.0004 0.0007 0.0011 0.0019 0.0030 0.0047 0.0072 0.0109 0.0163 0.0238 0.0341 0.0480 0.0664 0.0903 0.1205 0.1582 0.2041 0.2590 0.3234 0.3974 0.4807 0.5727 0.6723 0.7779 0.8879 1.0000 
1.0000 0.8879 0.7779 0.6723 0.5727 0.4807 0.3974 0.3234 0.2590 0.2041 0.1582 0.1205 0.0902 0.0664 0.0480 0.0341 0.0238 0.0163 0.0109 0.0072 0.0047 0.0030 0.0019 0.0011 0.0007 0.0004 0.0002 0.0001 0.0001 0.0000 0.0000 0.0000 0.0000 0.0000 0.0000 0.0000 0.0000 0.0000 0.0000 0.0000 0.0000 0.0000 0.0000 0.0000 0.0000 0.0000 0.0000 0.0000 0.0000 0.0000 0.0000 0.0000 0.0000 0.0000 0.0000 0.0000 0.0000 0.0000 0.0000 0.0000 0.0000 0.0000 0.0000 0.0000 0.0000 0.0000 0.0000 0.0000 0.0000 0.0000 0.0000 0.0000 0.0001 0.0001 0.0002 0.0004 0.0007 0.0011 0.0019 0.0030 0.0047 0.0072 0.0109 0.0163 0.0238 0.0341 0.0480 0.0664 0.0902 0.1205 0.1582 0.2041 0.2590 0.3234 0.3974 0.4807 0.5727 0.6723 0.7779 0.8879 1.0000 
1.0000 0.8879 0.7779 0.6723 0.5727 0.4807 0.3974 0.3234 0.2590 0.2041 0.1582 0.1205 0.0902 0.0664 0.0480 0.0341 0.0238 0.0163 0.0109 0.0072 0.0047 0.0030 0.0018 0.0011 0.0007 0.0004 0.0002 0.0001 0.0001 0.0000 0.0000 0.0000 0.0000 0.0000 0.0000 0.0000 0.0000 0.0000 0.0000 0.0000 0.0000 0.0000 0.0000 0.0000 0.0000 0.0000 0.0000 0.0000 0.0000 0.0000 0.0000 0.0000 0.0000 0.0000 0.0000 0.0000 0.0000 0.0000 0.0000 0.0000 0.0000 0.0000 0.0000 0.0000 0.0000 0.0000 0.0000 0.0000 0.0000 0.0000 0.0000 0.0000 0.0001 0.0001 0.0002 0.0004 0.0007 0.0011 0.0018 0.0030 0.0047 0.0072 0.0109 0.0163 0.0238 0.0341 0.0480 0.0664 0.0902 0.1205 0.1582 0.2041 0.2590 0.3234 0.3974 0.4807 0.5727 0.6723 0.7779 0.8879 1.0000 
1.0000 0.8879 0.7779 0.6723 0.5727 0.4807 0.3974 0.3234 0.2590 0.2041 0.1582 0.1205 0.0902 0.0664 0.0480 0.0341 0.0238 0.0163 0.0109 0.0072 0.0047 0.0030 0.0018 0.0011 0.0007 0.0004 0.0002 0.0001 0.0001 0.0000 0.0000 0.0000 0.0000 0.0000 0.0000 0.0000 0.0000 0.0000 0.0000 0.0000 0.0000 0.0000 0.0000 0.0000 0.0000 0.0000 0.0000 0.0000 0.0000 0.0000 0.0000 0.0000 0.0000 0.0000 0.0000 0.0000 0.0000 0.0000 0.0000 0.0000 0.0000 0.0000 0.0000 0.0000 0.0000 0.0000 0.0000 0.0000 0.0000 0.0000 0.0000 0.0000 0.0001 0.0001 0.0002 0.0004 0.0007 0.0011 0.0018 0.0030 0.0047 0.0072 0.0109 0.0163 0.0238 0.0341 0.0480 0.0664 0.0902 0.1205 0.1582 0.2041 0.2590 0.3234 0.3974 0.4807 0.5727 0.6723 0.7779 0.8879 1.0000 
1.0000 0.8879 0.7779 0.6723 0.5727 0.4807 0.3974 0.3234 0.2590 0.2041 0.1582 0.1205 0.0902 0.0664 0.0480 0.0341 0.0238 0.0163 0.0109 0.0072 0.0047 0.0030 0.0018 0.0011 0.0007 0.0004 0.0002 0.0001 0.0001 0.0000 0.0000 0.0000 0.0000 0.0000 0.0000 0.0000 0.0000 0.0000 0.0000 0.0000 0.0000 0.0000 0.0000 0.0000 0.0000 0.0000 0.0000 0.0000 0.0000 0.0000 0.0000 0.0000 0.0000 0.0000 0.0000 0.0000 0.0000 0.0000 0.0000 0.0000 0.0000 0.0000 0.0000 0.0000 0.0000 0.0000 0.0000 0.0000 0.0000 0.0000 0.0000 0.0000 0.0001 0.0001 0.0002 0.0004 0.0007 0.0011 0.0018 0.0030 0.0047 0.0072 0.0109 0.0163 0.0238 0.0341 0.0480 0.0664 0.0902 0.1205 0.1582 0.2041 0.2590 0.3234 0.3974 0.4807 0.5727 0.6723 0.7779 0.8879 1.0000 
1.0000 0.8879 0.7779 0.6723 0.5727 0.4807 0.3974 0.3234 0.2590 0.2041 0.1582 0.1205 0.0902 0.0664 0.0480 0.0341 0.0238 0.0163 0.0109 0.0072 0.0047 0.0030 0.0018 0.0011 0.0007 0.0004 0.0002 0.0001 0.0001 0.0000 0.0000 0.0000 0.0000 0.0000 0.0000 0.0000 0.0000 0.0000 0.0000 0.0000 0.0000 0.0000 0.0000 0.0000 0.0000 0.0000 0.0000 0.0000 0.0000 0.0000 0.0000 0.0000 0.0000 0.0000 0.0000 0.0000 0.0000 0.0000 0.0000 0.0000 0.0000 0.0000 0.0000 0.0000 0.0000 0.0000 0.0000 0.0000 0.0000 0.0000 0.0000 0.0000 0.0001 0.0001 0.0002 0.0004 0.0007 0.0011 0.0018 0.0030 0.0047 0.0072 0.0109 0.0163 0.0238 0.0341 0.0480 0.0664 0.0902 0.1205 0.1582 0.2041 0.2590 0.3234 0.3974 0.4807 0.5727 0.6723 0.7779 0.8879 1.0000 
1.0000 0.8879 0.7779 0.6723 0.5727 0.4807 0.3974 0.3234 0.2590 0.2041 0.1582 0.1205 0.0902 0.0664 0.0480 0.0341 0.0238 0.0163 0.0109 0.0072 0.0047 0.0030 0.0018 0.0011 0.0007 0.0004 0.0002 0.0001 0.0001 0.0000 0.0000 0.0000 0.0000 0.0000 0.0000 0.0000 0.0000 0.0000 0.0000 0.0000 0.0000 0.0000 0.0000 0.0000 0.0000 0.0000 0.0000 0.0000 0.0000 0.0000 0.0000 0.0000 0.0000 0.0000 0.0000 0.0000 0.0000 0.0000 0.0000 0.0000 0.0000 0.0000 0.0000 0.0000 0.0000 0.0000 0.0000 0.0000 0.0000 0.0000 0.0000 0.0000 0.0001 0.0001 0.0002 0.0004 0.0007 0.0011 0.0018 0.0030 0.0047 0.0072 0.0109 0.0163 0.0238 0.0341 0.0480 0.0664 0.0902 0.1205 0.1582 0.2041 0.2590 0.3234 0.3974 0.4807 0.5727 0.6723 0.7779 0.8879 1.0000 
1.0000 0.8879 0.7779 0.6723 0.5727 0.4807 0.3974 0.3234 0.2590 0.2041 0.1582 0.1205 0.0902 0.0664 0.0480 0.0341 0.0238 0.0163 0.0109 0.0072 0.0047 0.0030 0.0018 0.0011 0.0007 0.0004 0.0002 0.0001 0.0001 0.0000 0.0000 0.0000 0.0000 0.0000 0.0000 0.0000 0.0000 0.0000 0.0000 0.0000 0.0000 0.0000 0.0000 0.0000 0.0000 0.0000 0.0000 0.0000 0.0000 0.0000 0.0000 0.0000 0.0000 0.0000 0.0000 0.0000 0.0000 0.0000 0.0000 0.0000 0.0000 0.0000 0.0000 0.0000 0.0000 0.0000 0.0000 0.0000 0.0000 0.0000 0.0000 0.0000 0.0001 0.0001 0.0002 0.0004 0.0007 0.0011 0.0018 0.0030 0.0047 0.0072 0.0109 0.0163 0.0238 0.0341 0.0480 0.0664 0.0902 0.1205 0.1582 0.2041 0.2590 0.3234 0.3974 0.4807 0.5727 0.6723 0.7779 0.8879 1.0000 
1.0000 0.8879 0.7779 0.6722 0.5727 0.4807 0.3974 0.3234 0.2590 0.2041 0.1582 0.1205 0.0902 0.0664 0.0480 0.0341 0.0238 0.0163 0.0109 0.0072 0.0047 0.0030 0.0018 0.0011 0.0007 0.0004 0.0002 0.0001 0.0001 0.0000 0.0000 0.0000 0.0000 0.0000 0.0000 0.0000 0.0000 0.0000 0.0000 0.0000 0.0000 0.0000 0.0000 0.0000 0.0000 0.0000 0.0000 0.0000 0.0000 0.0000 0.0000 0.0000 0.0000 0.0000 0.0000 0.0000 0.0000 0.0000 0.0000 0.0000 0.0000 0.0000 0.0000 0.0000 0.0000 0.0000 0.0000 0.0000 0.0000 0.0000 0.0000 0.0000 0.0001 0.0001 0.0002 0.0004 0.0007 0.0011 0.0018 0.0030 0.0047 0.0072 0.0109 0.0163 0.0238 0.0341 0.0480 0.0664 0.0902 0.1205 0.1582 0.2041 0.2590 0.3234 0.3974 0.4807 0.5727 0.6722 0.7779 0.8879 1.0000 
1.0000 0.8879 0.7779 0.6722 0.5727 0.4807 0.3974 0.3234 0.2590 0.2041 0.1582 0.1205 0.0902 0.0664 0.0480 0.0341 0.0238 0.0163 0.0109 0.0072 0.0047 0.0030 0.0018 0.0011 0.0007 0.0004 0.0002 0.0001 0.0001 0.0000 0.0000 0.0000 0.0000 0.0000 0.0000 0.0000 0.0000 0.0000 0.0000 0.0000 0.0000 0.0000 0.0000 0.0000 0.0000 0.0000 0.0000 0.0000 0.0000 0.0000 0.0000 0.0000 0.0000 0.0000 0.0000 0.0000 0.0000 0.0000 0.0000 0.0000 0.0000 0.0000 0.0000 0.0000 0.0000 0.0000 0.0000 0.0000 0.0000 0.0000 0.0000 0.0000 0.0001 0.0001 0.0002 0.0004 0.0007 0.0011 0.0018 0.0030 0.0047 0.0072 0.0109 0.0163 0.0238 0.0341 0.0480 0.0664 0.0902 0.1205 0.1582 0.2041 0.2590 0.3234 0.3974 0.4807 0.5727 0.6722 0.7779 0.8879 1.0000 
1.0000 0.8879 0.7779 0.6722 0.5727 0.4807 0.3974 0.3234 0.2590 0.2041 0.1582 0.1205 0.0902 0.0664 0.0480 0.0341 0.0238 0.0163 0.0109 0.0072 0.0047 0.0030 0.0018 0.0011 0.0007 0.0004 0.0002 0.0001 0.0001 0.0000 0.0000 0.0000 0.0000 0.0000 0.0000 0.0000 0.0000 0.0000 0.0000 0.0000 0.0000 0.0000 0.0000 0.0000 0.0000 0.0000 0.0000 0.0000 0.0000 0.0000 0.0000 0.0000 0.0000 0.0000 0.0000 0.0000 0.0000 0.0000 0.0000 0.0000 0.0000 0.0000 0.0000 0.0000 0.0000 0.0000 0.0000 0.0000 0.0000 0.0000 0.0000 0.0000 0.0001 0.0001 0.0002 0.0004 0.0007 0.0011 0.0018 0.0030 0.0047 0.0072 0.0109 0.0163 0.0238 0.0341 0.0480 0.0664 0.0902 0.1205 0.1582 0.2041 0.2590 0.3234 0.3974 0.4807 0.5727 0.6722 0.7779 0.8879 1.0000 
1.0000 0.8879 0.7779 0.6722 0.5727 0.4807 0.3974 0.3234 0.2590 0.2041 0.1582 0.1205 0.0902 0.0664 0.0480 0.0341 0.0238 0.0163 0.0109 0.0072 0.0047 0.0030 0.0018 0.0011 0.0007 0.0004 0.0002 0.0001 0.0001 0.0000 0.0000 0.0000 0.0000 0.0000 0.0000 0.0000 0.0000 0.0000 0.0000 0.0000 0.0000 0.0000 0.0000 0.0000 0.0000 0.0000 0.0000 0.0000 0.0000 0.0000 0.0000 0.0000 0.0000 0.0000 0.0000 0.0000 0.0000 0.0000 0.0000 0.0000 0.0000 0.0000 0.0000 0.0000 0.0000 0.0000 0.0000 0.0000 0.0000 0.0000 0.0000 0.0000 0.0001 0.0001 0.0002 0.0004 0.0007 0.0011 0.0018 0.0030 0.0047 0.0072 0.0109 0.0163 0.0238 0.0341 0.0480 0.0664 0.0902 0.1205 0.1582 0.2041 0.2590 0.3234 0.3974 0.4807 0.5727 0.6722 0.7779 0.8879 1.0000 
1.0000 0.8879 0.7779 0.6722 0.5727 0.4807 0.3974 0.3234 0.2590 0.2041 0.1582 0.1205 0.0902 0.0664 0.0480 0.0341 0.0238 0.0163 0.0109 0.0072 0.0047 0.0030 0.0018 0.0011 0.0007 0.0004 0.0002 0.0001 0.0001 0.0000 0.0000 0.0000 0.0000 0.0000 0.0000 0.0000 0.0000 0.0000 0.0000 0.0000 0.0000 0.0000 0.0000 0.0000 0.0000 0.0000 0.0000 0.0000 0.0000 0.0000 0.0000 0.0000 0.0000 0.0000 0.0000 0.0000 0.0000 0.0000 0.0000 0.0000 0.0000 0.0000 0.0000 0.0000 0.0000 0.0000 0.0000 0.0000 0.0000 0.0000 0.0000 0.0000 0.0001 0.0001 0.0002 0.0004 0.0007 0.0011 0.0018 0.0030 0.0047 0.0072 0.0109 0.0163 0.0238 0.0341 0.0480 0.0664 0.0902 0.1205 0.1582 0.2041 0.2590 0.3234 0.3974 0.4807 0.5727 0.6722 0.7779 0.8879 1.0000 
1.0000 0.8879 0.7779 0.6722 0.5727 0.4807 0.3974 0.3234 0.2590 0.2041 0.1582 0.1205 0.0902 0.0664 0.0480 0.0341 0.0238 0.0163 0.0109 0.0072 0.0047 0.0030 0.0018 0.0011 0.0007 0.0004 0.0002 0.0001 0.0001 0.0000 0.0000 0.0000 0.0000 0.0000 0.0000 0.0000 0.0000 0.0000 0.0000 0.0000 0.0000 0.0000 0.0000 0.0000 0.0000 0.0000 0.0000 0.0000 0.0000 0.0000 0.0000 0.0000 0.0000 0.0000 0.0000 0.0000 0.0000 0.0000 0.0000 0.0000 0.0000 0.0000 0.0000 0.0000 0.0000 0.0000 0.0000 0.0000 0.0000 0.0000 0.0000 0.0000 0.0001 0.0001 0.0002 0.0004 0.0007 0.0011 0.0018 0.0030 0.0047 0.0072 0.0109 0.0163 0.0238 0.0341 0.0480 0.0664 0.0902 0.1205 0.1582 0.2041 0.2590 0.3234 0.3974 0.4807 0.5727 0.6722 0.7779 0.8879 1.0000 
1.0000 0.8879 0.7779 0.6722 0.5727 0.4807 0.3974 0.3234 0.2590 0.2041 0.1582 0.1205 0.0902 0.0664 0.0480 0.0341 0.0238 0.0163 0.0109 0.0072 0.0047 0.0030 0.0018 0.0011 0.0007 0.0004 0.0002 0.0001 0.0001 0.0000 0.0000 0.0000 0.0000 0.0000 0.0000 0.0000 0.0000 0.0000 0.0000 0.0000 0.0000 0.0000 0.0000 0.0000 0.0000 0.0000 0.0000 0.0000 0.0000 0.0000 0.0000 0.0000 0.0000 0.0000 0.0000 0.0000 0.0000 0.0000 0.0000 0.0000 0.0000 0.0000 0.0000 0.0000 0.0000 0.0000 0.0000 0.0000 0.0000 0.0000 0.0000 0.0000 0.0001 0.0001 0.0002 0.0004 0.0007 0.0011 0.0018 0.0030 0.0047 0.0072 0.0109 0.0163 0.0238 0.0341 0.0480 0.0664 0.0902 0.1205 0.1582 0.2041 0.2590 0.3234 0.3974 0.4807 0.5727 0.6722 0.7779 0.8879 1.0000 
1.0000 0.8879 0.7779 0.6722 0.5727 0.4807 0.3974 0.3234 0.2590 0.2041 0.1582 0.1205 0.0902 0.0664 0.0480 0.0341 0.0238 0.0163 0.0109 0.0072 0.0047 0.0030 0.0018 0.0011 0.0007 0.0004 0.0002 0.0001 0.0001 0.0000 0.0000 0.0000 0.0000 0.0000 0.0000 0.0000 0.0000 0.0000 0.0000 0.0000 0.0000 0.0000 0.0000 0.0000 0.0000 0.0000 0.0000 0.0000 0.0000 0.0000 0.0000 0.0000 0.0000 0.0000 0.0000 0.0000 0.0000 0.0000 0.0000 0.0000 0.0000 0.0000 0.0000 0.0000 0.0000 0.0000 0.0000 0.0000 0.0000 0.0000 0.0000 0.0000 0.0001 0.0001 0.0002 0.0004 0.0007 0.0011 0.0018 0.0030 0.0047 0.0072 0.0109 0.0163 0.0238 0.0341 0.0480 0.0664 0.0902 0.1205 0.1582 0.2041 0.2590 0.3234 0.3974 0.4807 0.5727 0.6722 0.7779 0.8879 1.0000 
1.0000 0.8879 0.7779 0.6722 0.5727 0.4807 0.3974 0.3234 0.2590 0.2041 0.1582 0.1205 0.0902 0.0664 0.0480 0.0341 0.0238 0.0163 0.0109 0.0072 0.0047 0.0030 0.0018 0.0011 0.0007 0.0004 0.0002 0.0001 0.0001 0.0000 0.0000 0.0000 0.0000 0.0000 0.0000 0.0000 0.0000 0.0000 0.0000 0.0000 0.0000 0.0000 0.0000 0.0000 0.0000 0.0000 0.0000 0.0000 0.0000 0.0000 0.0000 0.0000 0.0000 0.0000 0.0000 0.0000 0.0000 0.0000 0.0000 0.0000 0.0000 0.0000 0.0000 0.0000 0.0000 0.0000 0.0000 0.0000 0.0000 0.0000 0.0000 0.0000 0.0001 0.0001 0.0002 0.0004 0.0007 0.0011 0.0018 0.0030 0.0047 0.0072 0.0109 0.0163 0.0238 0.0341 0.0480 0.0664 0.0902 0.1205 0.1582 0.2041 0.2590 0.3234 0.3974 0.4807 0.5727 0.6722 0.7779 0.8879 1.0000 
1.0000 0.8879 0.7779 0.6722 0.5727 0.4807 0.3974 0.3234 0.2590 0.2041 0.1582 0.1205 0.0902 0.0664 0.0480 0.0341 0.0238 0.0163 0.0109 0.0072 0.0047 0.0030 0.0018 0.0011 0.0007 0.0004 0.0002 0.0001 0.0001 0.0000 0.0000 0.0000 0.0000 0.0000 0.0000 0.0000 0.0000 0.0000 0.0000 0.0000 0.0000 0.0000 0.0000 0.0000 0.0000 0.0000 0.0000 0.0000 0.0000 0.0000 0.0000 0.0000 0.0000 0.0000 0.0000 0.0000 0.0000 0.0000 0.0000 0.0000 0.0000 0.0000 0.0000 0.0000 0.0000 0.0000 0.0000 0.0000 0.0000 0.0000 0.0000 0.0000 0.0001 0.0001 0.0002 0.0004 0.0007 0.0011 0.0018 0.0030 0.0047 0.0072 0.0109 0.0163 0.0238 0.0341 0.0480 0.0664 0.0902 0.1205 0.1582 0.2041 0.2590 0.3234 0.3974 0.4807 0.5727 0.6722 0.7779 0.8879 1.0000 
1.0000 0.8879 0.7779 0.6722 0.5727 0.4807 0.3974 0.3234 0.2590 0.2041 0.1582 0.1205 0.0902 0.0664 0.0480 0.0341 0.0238 0.0163 0.0109 0.0072 0.0047 0.0030 0.0018 0.0011 0.0007 0.0004 0.0002 0.0001 0.0001 0.0000 0.0000 0.0000 0.0000 0.0000 0.0000 0.0000 0.0000 0.0000 0.0000 0.0000 0.0000 0.0000 0.0000 0.0000 0.0000 0.0000 0.0000 0.0000 0.0000 0.0000 0.0000 0.0000 0.0000 0.0000 0.0000 0.0000 0.0000 0.0000 0.0000 0.0000 0.0000 0.0000 0.0000 0.0000 0.0000 0.0000 0.0000 0.0000 0.0000 0.0000 0.0000 0.0000 0.0001 0.0001 0.0002 0.0004 0.0007 0.0011 0.0018 0.0030 0.0047 0.0072 0.0109 0.0163 0.0238 0.0341 0.0480 0.0664 0.0902 0.1205 0.1582 0.2041 0.2590 0.3234 0.3974 0.4807 0.5727 0.6722 0.7779 0.8879 1.0000 
1.0000 0.8879 0.7779 0.6722 0.5727 0.4807 0.3974 0.3234 0.2590 0.2041 0.1582 0.1205 0.0902 0.0664 0.0480 0.0341 0.0238 0.0163 0.0109 0.0072 0.0047 0.0030 0.0018 0.0011 0.0007 0.0004 0.0002 0.0001 0.0001 0.0000 0.0000 0.0000 0.0000 0.0000 0.0000 0.0000 0.0000 0.0000 0.0000 0.0000 0.0000 0.0000 0.0000 0.0000 0.0000 0.0000 0.0000 0.0000 0.0000 0.0000 0.0000 0.0000 0.0000 0.0000 0.0000 0.0000 0.0000 0.0000 0.0000 0.0000 0.0000 0.0000 0.0000 0.0000 0.0000 0.0000 0.0000 0.0000 0.0000 0.0000 0.0000 0.0000 0.0001 0.0001 0.0002 0.0004 0.0007 0.0011 0.0018 0.0030 0.0047 0.0072 0.0109 0.0163 0.0238 0.0341 0.0480 0.0664 0.0902 0.1205 0.1582 0.2041 0.2590 0.3234 0.3974 0.4807 0.5727 0.6722 0.7779 0.8879 1.0000 
1.0000 0.8879 0.7779 0.6722 0.5727 0.4807 0.3974 0.3234 0.2590 0.2041 0.1582 0.1205 0.0902 0.0664 0.0480 0.0341 0.0238 0.0163 0.0109 0.0072 0.0047 0.0030 0.0018 0.0011 0.0007 0.0004 0.0002 0.0001 0.0001 0.0000 0.0000 0.0000 0.0000 0.0000 0.0000 0.0000 0.0000 0.0000 0.0000 0.0000 0.0000 0.0000 0.0000 0.0000 0.0000 0.0000 0.0000 0.0000 0.0000 0.0000 0.0000 0.0000 0.0000 0.0000 0.0000 0.0000 0.0000 0.0000 0.0000 0.0000 0.0000 0.0000 0.0000 0.0000 0.0000 0.0000 0.0000 0.0000 0.0000 0.0000 0.0000 0.0000 0.0001 0.0001 0.0002 0.0004 0.0007 0.0011 0.0018 0.0030 0.0047 0.0072 0.0109 0.0163 0.0238 0.0341 0.0480 0.0664 0.0902 0.1205 0.1582 0.2041 0.2590 0.3234 0.3974 0.4807 0.5727 0.6722 0.7779 0.8879 1.0000 
1.0000 0.8879 0.7779 0.6722 0.5727 0.4807 0.3974 0.3234 0.2590 0.2041 0.1582 0.1205 0.0902 0.0664 0.0480 0.0341 0.0238 0.0163 0.0109 0.0072 0.0047 0.0030 0.0018 0.0011 0.0007 0.0004 0.0002 0.0001 0.0001 0.0000 0.0000 0.0000 0.0000 0.0000 0.0000 0.0000 0.0000 0.0000 0.0000 0.0000 0.0000 0.0000 0.0000 0.0000 0.0000 0.0000 0.0000 0.0000 0.0000 0.0000 0.0000 0.0000 0.0000 0.0000 0.0000 0.0000 0.0000 0.0000 0.0000 0.0000 0.0000 0.0000 0.0000 0.0000 0.0000 0.0000 0.0000 0.0000 0.0000 0.0000 0.0000 0.0000 0.0001 0.0001 0.0002 0.0004 0.0007 0.0011 0.0018 0.0030 0.0047 0.0072 0.0109 0.0163 0.0238 0.0341 0.0480 0.0664 0.0902 0.1205 0.1582 0.2041 0.2590 0.3234 0.3974 0.4807 0.5727 0.6722 0.7779 0.8879 1.0000 
1.0000 0.8879 0.7779 0.6722 0.5727 0.4807 0.3974 0.3234 0.2590 0.2041 0.1582 0.1205 0.0902 0.0664 0.0480 0.0341 0.0238 0.0163 0.0109 0.0072 0.0047 0.0030 0.0018 0.0011 0.0007 0.0004 0.0002 0.0001 0.0001 0.0000 0.0000 0.0000 0.0000 0.0000 0.0000 0.0000 0.0000 0.0000 0.0000 0.0000 0.0000 0.0000 0.0000 0.0000 0.0000 0.0000 0.0000 0.0000 0.0000 0.0000 0.0000 0.0000 0.0000 0.0000 0.0000 0.0000 0.0000 0.0000 0.0000 0.0000 0.0000 0.0000 0.0000 0.0000 0.0000 0.0000 0.0000 0.0000 0.0000 0.0000 0.0000 0.0000 0.0001 0.0001 0.0002 0.0004 0.0007 0.0011 0.0018 0.0030 0.0047 0.0072 0.0109 0.0163 0.0238 0.0341 0.0480 0.0664 0.0902 0.1205 0.1582 0.2041 0.2590 0.3234 0.3974 0.4807 0.5727 0.6722 0.7779 0.8879 1.0000 
1.0000 0.8879 0.7779 0.6722 0.5727 0.4807 0.3974 0.3234 0.2590 0.2041 0.1582 0.1205 0.0902 0.0664 0.0480 0.0341 0.0238 0.0163 0.0109 0.0072 0.0047 0.0030 0.0018 0.0011 0.0007 0.0004 0.0002 0.0001 0.0001 0.0000 0.0000 0.0000 0.0000 0.0000 0.0000 0.0000 0.0000 0.0000 0.0000 0.0000 0.0000 0.0000 0.0000 0.0000 0.0000 0.0000 0.0000 0.0000 0.0000 0.0000 0.0000 0.0000 0.0000 0.0000 0.0000 0.0000 0.0000 0.0000 0.0000 0.0000 0.0000 0.0000 0.0000 0.0000 0.0000 0.0000 0.0000 0.0000 0.0000 0.0000 0.0000 0.0000 0.0001 0.0001 0.0002 0.0004 0.0007 0.0011 0.0018 0.0030 0.0047 0.0072 0.0109 0.0163 0.0238 0.0341 0.0480 0.0664 0.0902 0.1205 0.1582 0.2041 0.2590 0.3234 0.3974 0.4807 0.5727 0.6722 0.7779 0.8879 1.0000 
1.0000 0.8879 0.7779 0.6722 0.5727 0.4807 0.3974 0.3234 0.2590 0.2041 0.1582 0.1205 0.0902 0.0664 0.0480 0.0341 0.0238 0.0163 0.0109 0.0072 0.0047 0.0030 0.0018 0.0011 0.0007 0.0004 0.0002 0.0001 0.0001 0.0000 0.0000 0.0000 0.0000 0.0000 0.0000 0.0000 0.0000 0.0000 0.0000 0.0000 0.0000 0.0000 0.0000 0.0000 0.0000 0.0000 0.0000 0.0000 0.0000 0.0000 0.0000 0.0000 0.0000 0.0000 0.0000 0.0000 0.0000 0.0000 0.0000 0.0000 0.0000 0.0000 0.0000 0.0000 0.0000 0.0000 0.0000 0.0000 0.0000 0.0000 0.0000 0.0000 0.0001 0.0001 0.0002 0.0004 0.0007 0.0011 0.0018 0.0030 0.0047 0.0072 0.0109 0.0163 0.0238 0.0341 0.0480 0.0664 0.0902 0.1205 0.1582 0.2041 0.2590 0.3234 0.3974 0.4807 0.5727 0.6722 0.7779 0.8879 1.0000 
1.0000 0.8879 0.7779 0.6722 0.5727 0.4807 0.3974 0.3234 0.2590 0.2041 0.1582 0.1205 0.0902 0.0664 0.0480 0.0341 0.0238 0.0163 0.0109 0.0072 0.0047 0.0030 0.0018 0.0011 0.0007 0.0004 0.0002 0.0001 0.0001 0.0000 0.0000 0.0000 0.0000 0.0000 0.0000 0.0000 0.0000 0.0000 0.0000 0.0000 0.0000 0.0000 0.0000 0.0000 0.0000 0.0000 0.0000 0.0000 0.0000 0.0000 0.0000 0.0000 0.0000 0.0000 0.0000 0.0000 0.0000 0.0000 0.0000 0.0000 0.0000 0.0000 0.0000 0.0000 0.0000 0.0000 0.0000 0.0000 0.0000 0.0000 0.0000 0.0000 0.0001 0.0001 0.0002 0.0004 0.0007 0.0011 0.0018 0.0030 0.0047 0.0072 0.0109 0.0163 0.0238 0.0341 0.0480 0.0664 0.0902 0.1205 0.1582 0.2041 0.2590 0.3234 0.3974 0.4807 0.5727 0.6722 0.7779 0.8879 1.0000 
