1.0000 1.0000 1.0000 1.0000 1.0000 1.0000 1.0000 1.0000 1.0000 1.0000 1.0000 
1.0000 0.8890 0.7966 0.7310 0.6956 0.6838 0.6956 0.7310 0.7966 0.8890 1.0000 
1.0000 0.7966 0.6250 0.5070 0.4402 0.4205 0.4402 0.5070 0.6250 0.7966 1.0000 
1.0000 0.7310 0.5070 0.3498 0.2645 0.2369 0.2645 0.3498 0.5070 0.7310 1.0000 
1.0000 0.6956 0.4402 0.2645 0.1665 0.1370 0.1665 0.2645 0.4402 0.6956 1.0000 
1.0000 0.6838 0.4205 0.2369 0.1370 0.1055 0.1370 0.2369 0.4205 0.6838 1.0000 
1.0000 0.6956 0.4402 0.2645 0.1665 0.1370 0.1665 0.2645 0.4402 0.6956 1.0000 
1.0000 0.7310 0.5070 0.3498 0.2645 0.2369 0.2645 0.3498 0.5070 0.7310 1.0000 
1.0000 0.7966 0.6250 0.5070 0.4402 0.4205 0.4402 0.5070 0.6250 0.7966 1.0000 
1.0000 0.8890 0.7966 0.7310 0.6956 0.6838 0.6956 0.7310 0.7966 0.8890 1.0000 
1.0000 1.0000 1.0000 1.0000 1.0000 1.0000 1.0000 1.0000 1.0000 1.0000 1.0000 
