1.0000 1.0000 1.0000 1.0000 1.0000 1.0000 1.0000 1.0000 1.0000 1.0000 1.0000 1.0000 1.0000 1.0000 1.0000 1.0000 1.0000 1.0000 1.0000 1.0000 1.0000 1.0000 1.0000 1.0000 1.0000 1.0000 1.0000 1.0000 1.0000 1.0000 1.0000 1.0000 1.0000 1.0000 1.0000 1.0000 1.0000 1.0000 1.0000 1.0000 1.0000 1.0000 1.0000 1.0000 1.0000 1.0000 1.0000 1.0000 1.0000 1.0000 1.0000 1.0000 1.0000 1.0000 1.0000 1.0000 1.0000 1.0000 1.0000 1.0000 1.0000 1.0000 1.0000 1.0000 1.0000 1.0000 1.0000 1.0000 1.0000 1.0000 1.0000 1.0000 1.0000 1.0000 1.0000 
1.0000 0.9991 0.9983 0.9976 0.9969 0.9964 0.9959 0.9954 0.9949 0.9945 0.9941 0.9938 0.9934 0.9931 0.9927 0.9924 0.9921 0.9918 0.9916 0.9913 0.9911 0.9908 0.9906 0.9904 0.9902 0.9900 0.9899 0.9897 0.9896 0.9895 0.9893 0.9892 0.9892 0.9891 0.9891 0.9890 0.9890 0.9890 0.9890 0.9890 0.9891 0.9891 0.9892 0.9892 0.9893 0.9895 0.9896 0.9897 0.9899 0.9900 0.9902 0.9904 0.9906 0.9908 0.9911 0.9913 0.9916 0.9918 0.9921 0.9924 0.9927 0.9931 0.9934 0.9938 0.9941 0.9945 0.9949 0.9954 0.9959 0.9964 0.9969 0.9976 0.9983 0.9991 1.0000 
1.0000 0.9983 0.9967 0.9953 0.9941 0.9930 0.9920 0.9911 0.9902 0.9894 0.9887 0.9880 0.9873 0.9866 0.9860 0.9854 0.9848 0.9842 0.9837 0.9832 0.9828 0.9823 0.9819 0.9815 0.9811 0.9808 0.9805 0.9802 0.9799 0.9797 0.9794 0.9793 0.9791 0.9790 0.9789 0.9788 0.9788 0.9787 0.9788 0.9788 0.9789 0.9790 0.9791 0.9793 0.9794 0.9797 0.9799 0.9802 0.9805 0.9808 0.9811 0.9815 0.9819 0.9823 0.9828 0.9832 0.9837 0.9842 0.9848 0.9854 0.9860 0.9866 0.9873 0.9880 0.9887 0.9894 0.9902 0.9911 0.9920 0.9930 0.9941 0.9953 0.9967 0.9983 1.0000 
1.0000 0.9976 0.9953 0.9933 0.9916 0.9900 0.9886 0.9873 0.9861 0.9850 0.9839 0.9828 0.9818 0.9809 0.9800 0.9791 0.9783 0.9775 0.9768 0.9761 0.9754 0.9748 0.9742 0.9736 0.9731 0.9726 0.9721 0.9717 0.9713 0.9710 0.9707 0.9704 0.9702 0.9700 0.9699 0.9698 0.9697 0.9697 0.9697 0.9698 0.9699 0.9700 0.9702 0.9704 0.9707 0.9710 0.9713 0.9717 0.9721 0.9726 0.9731 0.9736 0.9742 0.9748 0.9754 0.9761 0.9768 0.9775 0.9783 0.9791 0.9800 0.9809 0.9818 0.9828 0.9839 0.9850 0.9861 0.9873 0.9886 0.9900 0.9916 0.9933 0.9953 0.9976 1.0000 
1.0000 0.9969 0.9941 0.9916 0.9894 0.9874 0.9857 0.9840 0.9825 0.9810 0.9797 0.9784 0.9771 0.9759 0.9748 0.9737 0.9727 0.9717 0.9708 0.9699 0.9690 0.9682 0.9675 0.9668 0.9661 0.9655 0.9649 0.9644 0.9639 0.9635 0.9631 0.9628 0.9625 0.9622 0.9621 0.9619 0.9619 0.9618 0.9619 0.9619 0.9621 0.9622 0.9625 0.9628 0.9631 0.9635 0.9639 0.9644 0.9649 0.9655 0.9661 0.9668 0.9675 0.9682 0.9690 0.9699 0.9708 0.9717 0.9727 0.9737 0.9748 0.9759 0.9771 0.9784 0.9797 0.9810 0.9825 0.9840 0.9857 0.9874 0.9894 0.9916 0.9941 0.9969 1.0000 
1.0000 0.9964 0.9930 0.9900 0.9874 0.9851 0.9830 0.9811 0.9793 0.9776 0.9759 0.9744 0.9729 0.9715 0.9702 0.9689 0.9677 0.9665 0.9654 0.9644 0.9634 0.9624 0.9615 0.9607 0.9599 0.9592 0.9585 0.9579 0.9573 0.9568 0.9563 0.9559 0.9556 0.9553 0.9551 0.9550 0.9549 0.9549 0.9549 0.9550 0.9551 0.9553 0.9556 0.9559 0.9563 0.9568 0.9573 0.9579 0.9585 0.9592 0.9599 0.9607 0.9615 0.9624 0.9634 0.9644 0.9654 0.9665 0.9677 0.9689 0.9702 0.9715 0.9729 0.9744 0.9759 0.9776 0.9793 0.9811 0.9830 0.9851 0.9874 0.9900 0.9930 0.9964 1.0000 
1.0000 0.9959 0.9920 0.9886 0.9857 0.9830 0.9807 0.9784 0.9764 0.9744 0.9726 0.9708 0.9691 0.9675 0.9660 0.9646 0.9632 0.9618 0.9606 0.9594 0.9582 0.9571 0.9561 0.9552 0.9543 0.9534 0.9526 0.9519 0.9513 0.9507 0.9502 0.9498 0.9494 0.9491 0.9488 0.9486 0.9485 0.9485 0.9485 0.9486 0.9488 0.9491 0.9494 0.9498 0.9502 0.9507 0.9513 0.9519 0.9526 0.9534 0.9543 0.9552 0.9561 0.9571 0.9582 0.9594 0.9606 0.9618 0.9632 0.9646 0.9660 0.9675 0.9691 0.9708 0.9726 0.9744 0.9764 0.9784 0.9807 0.9830 0.9857 0.9886 0.9920 0.9959 1.0000 
1.0000 0.9954 0.9911 0.9873 0.9840 0.9811 0.9784 0.9760 0.9737 0.9715 0.9694 0.9675 0.9656 0.9638 0.9621 0.9605 0.9589 0.9575 0.9561 0.9547 0.9534 0.9522 0.9511 0.9500 0.9490 0.9481 0.9472 0.9464 0.9457 0.9451 0.9445 0.9440 0.9436 0.9432 0.9430 0.9428 0.9427 0.9426 0.9427 0.9428 0.9430 0.9432 0.9436 0.9440 0.9445 0.9451 0.9457 0.9464 0.9472 0.9481 0.9490 0.9500 0.9511 0.9522 0.9534 0.9547 0.9561 0.9575 0.9589 0.9605 0.9621 0.9638 0.9656 0.9675 0.9694 0.9715 0.9737 0.9760 0.9784 0.9811 0.9840 0.9873 0.9911 0.9954 1.0000 
1.0000 0.9949 0.9902 0.9861 0.9825 0.9793 0.9764 0.9737 0.9711 0.9687 0.9665 0.9643 0.9623 0.9603 0.9585 0.9567 0.9550 0.9534 0.9518 0.9504 0.9490 0.9476 0.9464 0.9452 0.9441 0.9431 0.9422 0.9413 0.9405 0.9398 0.9392 0.9386 0.9382 0.9378 0.9375 0.9373 0.9371 0.9371 0.9371 0.9373 0.9375 0.9378 0.9382 0.9386 0.9392 0.9398 0.9405 0.9413 0.9422 0.9431 0.9441 0.9452 0.9464 0.9476 0.9490 0.9504 0.9518 0.9534 0.9550 0.9567 0.9585 0.9603 0.9623 0.9643 0.9665 0.9687 0.9711 0.9737 0.9764 0.9793 0.9825 0.9861 0.9902 0.9949 1.0000 
1.0000 0.9945 0.9894 0.9850 0.9810 0.9776 0.9744 0.9715 0.9687 0.9662 0.9637 0.9614 0.9592 0.9571 0.9551 0.9531 0.9513 0.9495 0.9479 0.9463 0.9447 0.9433 0.9420 0.9407 0.9395 0.9384 0.9374 0.9364 0.9356 0.9348 0.9341 0.9336 0.9331 0.9326 0.9323 0.9321 0.9320 0.9319 0.9320 0.9321 0.9323 0.9326 0.9331 0.9336 0.9341 0.9348 0.9356 0.9364 0.9374 0.9384 0.9395 0.9407 0.9420 0.9433 0.9447 0.9463 0.9479 0.9495 0.9513 0.9531 0.9551 0.9571 0.9592 0.9614 0.9637 0.9662 0.9687 0.9715 0.9744 0.9776 0.9810 0.9850 0.9894 0.9945 1.0000 
1.0000 0.9941 0.9887 0.9839 0.9797 0.9759 0.9726 0.9694 0.9665 0.9637 0.9611 0.9586 0.9562 0.9540 0.9518 0.9497 0.9478 0.9459 0.9441 0.9424 0.9408 0.9392 0.9378 0.9364 0.9351 0.9340 0.9329 0.9319 0.9309 0.9301 0.9294 0.9288 0.9282 0.9278 0.9274 0.9272 0.9270 0.9270 0.9270 0.9272 0.9274 0.9278 0.9282 0.9288 0.9294 0.9301 0.9309 0.9319 0.9329 0.9340 0.9351 0.9364 0.9378 0.9392 0.9408 0.9424 0.9441 0.9459 0.9478 0.9497 0.9518 0.9540 0.9562 0.9586 0.9611 0.9637 0.9665 0.9694 0.9726 0.9759 0.9797 0.9839 0.9887 0.9941 1.0000 
1.0000 0.9938 0.9880 0.9828 0.9784 0.9744 0.9708 0.9675 0.9643 0.9614 0.9586 0.9560 0.9534 0.9510 0.9487 0.9465 0.9444 0.9424 0.9405 0.9387 0.9370 0.9353 0.9338 0.9324 0.9310 0.9297 0.9286 0.9275 0.9265 0.9257 0.9249 0.9242 0.9236 0.9232 0.9228 0.9225 0.9224 0.9223 0.9224 0.9225 0.9228 0.9232 0.9236 0.9242 0.9249 0.9257 0.9265 0.9275 0.9286 0.9297 0.9310 0.9324 0.9338 0.9353 0.9370 0.9387 0.9405 0.9424 0.9444 0.9465 0.9487 0.9510 0.9534 0.9560 0.9586 0.9614 0.9643 0.9675 0.9708 0.9744 0.9784 0.9828 0.9880 0.9938 1.0000 
1.0000 0.9934 0.9873 0.9818 0.9771 0.9729 0.9691 0.9656 0.9623 0.9592 0.9562 0.9534 0.9508 0.9482 0.9458 0.9435 0.9412 0.9391 0.9371 0.9352 0.9334 0.9316 0.9300 0.9285 0.9270 0.9257 0.9245 0.9234 0.9223 0.9214 0.9206 0.9199 0.9193 0.9188 0.9184 0.9181 0.9179 0.9179 0.9179 0.9181 0.9184 0.9188 0.9193 0.9199 0.9206 0.9214 0.9223 0.9234 0.9245 0.9257 0.9270 0.9285 0.9300 0.9316 0.9334 0.9352 0.9371 0.9391 0.9412 0.9435 0.9458 0.9482 0.9508 0.9534 0.9562 0.9592 0.9623 0.9656 0.9691 0.9729 0.9771 0.9818 0.9873 0.9934 1.0000 
1.0000 0.9931 0.9866 0.9809 0.9759 0.9715 0.9675 0.9638 0.9603 0.9571 0.9540 0.9510 0.9482 0.9455 0.9430 0.9405 0.9382 0.9360 0.9339 0.9318 0.9299 0.9281 0.9264 0.9248 0.9233 0.9219 0.9206 0.9194 0.9183 0.9173 0.9165 0.9157 0.9151 0.9146 0.9142 0.9139 0.9137 0.9136 0.9137 0.9139 0.9142 0.9146 0.9151 0.9157 0.9165 0.9173 0.9183 0.9194 0.9206 0.9219 0.9233 0.9248 0.9264 0.9281 0.9299 0.9318 0.9339 0.9360 0.9382 0.9405 0.9430 0.9455 0.9482 0.9510 0.9540 0.9571 0.9603 0.9638 0.9675 0.9715 0.9759 0.9809 0.9866 0.9931 1.0000 
1.0000 0.9927 0.9860 0.9800 0.9748 0.9702 0.9660 0.9621 0.9585 0.9551 0.9518 0.9487 0.9458 0.9430 0.9403 0.9378 0.9353 0.9330 0.9308 0.9286 0.9266 0.9247 0.9229 0.9213 0.9197 0.9182 0.9169 0.9156 0.9145 0.9135 0.9126 0.9118 0.9111 0.9106 0.9101 0.9098 0.9097 0.9096 0.9097 0.9098 0.9101 0.9106 0.9111 0.9118 0.9126 0.9135 0.9145 0.9156 0.9169 0.9182 0.9197 0.9213 0.9229 0.9247 0.9266 0.9286 0.9308 0.9330 0.9353 0.9378 0.9403 0.9430 0.9458 0.9487 0.9518 0.9551 0.9585 0.9621 0.9660 0.9702 0.9748 0.9800 0.9860 0.9927 1.0000 
1.0000 0.9924 0.9854 0.9791 0.9737 0.9689 0.9646 0.9605 0.9567 0.9531 0.9497 0.9465 0.9435 0.9405 0.9378 0.9351 0.9325 0.9301 0.9278 0.9256 0.9235 0.9215 0.9196 0.9179 0.9162 0.9147 0.9133 0.9120 0.9108 0.9098 0.9088 0.9080 0.9073 0.9067 0.9063 0.9060 0.9058 0.9057 0.9058 0.9060 0.9063 0.9067 0.9073 0.9080 0.9088 0.9098 0.9108 0.9120 0.9133 0.9147 0.9162 0.9179 0.9196 0.9215 0.9235 0.9256 0.9278 0.9301 0.9325 0.9351 0.9378 0.9405 0.9435 0.9465 0.9497 0.9531 0.9567 0.9605 0.9646 0.9689 0.9737 0.9791 0.9854 0.9924 1.0000 
1.0000 0.9921 0.9848 0.9783 0.9727 0.9677 0.9632 0.9589 0.9550 0.9513 0.9478 0.9444 0.9412 0.9382 0.9353 0.9325 0.9299 0.9274 0.9250 0.9227 0.9205 0.9184 0.9165 0.9147 0.9129 0.9114 0.9099 0.9085 0.9073 0.9062 0.9052 0.9044 0.9037 0.9031 0.9026 0.9023 0.9021 0.9020 0.9021 0.9023 0.9026 0.9031 0.9037 0.9044 0.9052 0.9062 0.9073 0.9085 0.9099 0.9114 0.9129 0.9147 0.9165 0.9184 0.9205 0.9227 0.9250 0.9274 0.9299 0.9325 0.9353 0.9382 0.9412 0.9444 0.9478 0.9513 0.9550 0.9589 0.9632 0.9677 0.9727 0.9783 0.9848 0.9921 1.0000 
1.0000 0.9918 0.9842 0.9775 0.9717 0.9665 0.9618 0.9575 0.9534 0.9495 0.9459 0.9424 0.9391 0.9360 0.9330 0.9301 0.9274 0.9247 0.9222 0.9199 0.9176 0.9155 0.9135 0.9116 0.9098 0.9082 0.9066 0.9052 0.9040 0.9028 0.9018 0.9009 0.9002 0.8996 0.8991 0.8988 0.8986 0.8985 0.8986 0.8988 0.8991 0.8996 0.9002 0.9009 0.9018 0.9028 0.9040 0.9052 0.9066 0.9082 0.9098 0.9116 0.9135 0.9155 0.9176 0.9199 0.9222 0.9247 0.9274 0.9301 0.9330 0.9360 0.9391 0.9424 0.9459 0.9495 0.9534 0.9575 0.9618 0.9665 0.9717 0.9775 0.9842 0.9918 1.0000 
1.0000 0.9916 0.9837 0.9768 0.9708 0.9654 0.9606 0.9561 0.9518 0.9479 0.9441 0.9405 0.9371 0.9339 0.9308 0.9278 0.9250 0.9222 0.9197 0.9172 0.9149 0.9127 0.9106 0.9086 0.9068 0.9051 0.9035 0.9021 0.9008 0.8996 0.8986 0.8977 0.8969 0.8962 0.8958 0.8954 0.8952 0.8951 0.8952 0.8954 0.8958 0.8962 0.8969 0.8977 0.8986 0.8996 0.9008 0.9021 0.9035 0.9051 0.9068 0.9086 0.9106 0.9127 0.9149 0.9172 0.9197 0.9222 0.9250 0.9278 0.9308 0.9339 0.9371 0.9405 0.9441 0.9479 0.9518 0.9561 0.9606 0.9654 0.9708 0.9768 0.9837 0.9916 1.0000 
1.0000 0.9913 0.9832 0.9761 0.9699 0.9644 0.9594 0.9547 0.9504 0.9463 0.9424 0.9387 0.9352 0.9318 0.9286 0.9256 0.9227 0.9199 0.9172 0.9147 0.9123 0.9100 0.9079 0.9059 0.9040 0.9022 0.9006 0.8991 0.8978 0.8965 0.8955 0.8945 0.8937 0.8931 0.8926 0.8922 0.8920 0.8919 0.8920 0.8922 0.8926 0.8931 0.8937 0.8945 0.8955 0.8965 0.8978 0.8991 0.9006 0.9022 0.9040 0.9059 0.9079 0.9100 0.9123 0.9147 0.9172 0.9199 0.9227 0.9256 0.9286 0.9318 0.9352 0.9387 0.9424 0.9463 0.9504 0.9547 0.9594 0.9644 0.9699 0.9761 0.9832 0.9913 1.0000 
1.0000 0.9911 0.9828 0.9754 0.9690 0.9634 0.9582 0.9534 0.9490 0.9447 0.9408 0.9370 0.9334 0.9299 0.9266 0.9235 0.9205 0.9176 0.9149 0.9123 0.9098 0.9075 0.9053 0.9032 0.9013 0.8995 0.8978 0.8963 0.8949 0.8936 0.8925 0.8916 0.8907 0.8901 0.8895 0.8892 0.8889 0.8889 0.8889 0.8892 0.8895 0.8901 0.8907 0.8916 0.8925 0.8936 0.8949 0.8963 0.8978 0.8995 0.9013 0.9032 0.9053 0.9075 0.9098 0.9123 0.9149 0.9176 0.9205 0.9235 0.9266 0.9299 0.9334 0.9370 0.9408 0.9447 0.9490 0.9534 0.9582 0.9634 0.9690 0.9754 0.9828 0.9911 1.0000 
1.0000 0.9908 0.9823 0.9748 0.9682 0.9624 0.9571 0.9522 0.9476 0.9433 0.9392 0.9353 0.9316 0.9281 0.9247 0.9215 0.9184 0.9155 0.9127 0.9100 0.9075 0.9051 0.9028 0.9007 0.8987 0.8969 0.8952 0.8936 0.8922 0.8909 0.8897 0.8888 0.8879 0.8872 0.8867 0.8863 0.8861 0.8860 0.8861 0.8863 0.8867 0.8872 0.8879 0.8888 0.8897 0.8909 0.8922 0.8936 0.8952 0.8969 0.8987 0.9007 0.9028 0.9051 0.9075 0.9100 0.9127 0.9155 0.9184 0.9215 0.9247 0.9281 0.9316 0.9353 0.9392 0.9433 0.9476 0.9522 0.9571 0.9624 0.9682 0.9748 0.9823 0.9908 1.0000 
1.0000 0.9906 0.9819 0.9742 0.9675 0.9615 0.9561 0.9511 0.9464 0.9420 0.9378 0.9338 0.9300 0.9264 0.9229 0.9196 0.9165 0.9135 0.9106 0.9079 0.9053 0.9028 0.9005 0.8983 0.8963 0.8944 0.8927 0.8911 0.8896 0.8883 0.8871 0.8861 0.8852 0.8845 0.8840 0.8836 0.8834 0.8833 0.8834 0.8836 0.8840 0.8845 0.8852 0.8861 0.8871 0.8883 0.8896 0.8911 0.8927 0.8944 0.8963 0.8983 0.9005 0.9028 0.9053 0.9079 0.9106 0.9135 0.9165 0.9196 0.9229 0.9264 0.9300 0.9338 0.9378 0.9420 0.9464 0.9511 0.9561 0.9615 0.9675 0.9742 0.9819 0.9906 1.0000 
1.0000 0.9904 0.9815 0.9736 0.9668 0.9607 0.9552 0.9500 0.9452 0.9407 0.9364 0.9324 0.9285 0.9248 0.9213 0.9179 0.9147 0.9116 0.9086 0.9059 0.9032 0.9007 0.8983 0.8961 0.8940 0.8921 0.8903 0.8887 0.8872 0.8858 0.8846 0.8836 0.8827 0.8820 0.8815 0.8811 0.8808 0.8807 0.8808 0.8811 0.8815 0.8820 0.8827 0.8836 0.8846 0.8858 0.8872 0.8887 0.8903 0.8921 0.8940 0.8961 0.8983 0.9007 0.9032 0.9059 0.9086 0.9116 0.9147 0.9179 0.9213 0.9248 0.9285 0.9324 0.9364 0.9407 0.9452 0.9500 0.9552 0.9607 0.9668 0.9736 0.9815 0.9904 1.0000 
1.0000 0.9902 0.9811 0.9731 0.9661 0.9599 0.9543 0.9490 0.9441 0.9395 0.9351 0.9310 0.9270 0.9233 0.9197 0.9162 0.9129 0.9098 0.9068 0.9040 0.9013 0.8987 0.8963 0.8940 0.8919 0.8899 0.8881 0.8864 0.8849 0.8836 0.8823 0.8813 0.8804 0.8797 0.8791 0.8787 0.8784 0.8783 0.8784 0.8787 0.8791 0.8797 0.8804 0.8813 0.8823 0.8836 0.8849 0.8864 0.8881 0.8899 0.8919 0.8940 0.8963 0.8987 0.9013 0.9040 0.9068 0.9098 0.9129 0.9162 0.9197 0.9233 0.9270 0.9310 0.9351 0.9395 0.9441 0.9490 0.9543 0.9599 0.9661 0.9731 0.9811 0.9902 1.0000 
1.0000 0.9900 0.9808 0.9726 0.9655 0.9592 0.9534 0.9481 0.9431 0.9384 0.9340 0.9297 0.9257 0.9219 0.9182 0.9147 0.9114 0.9082 0.9051 0.9022 0.8995 0.8969 0.8944 0.8921 0.8899 0.8879 0.8861 0.8844 0.8828 0.8814 0.8802 0.8791 0.8782 0.8775 0.8769 0.8765 0.8762 0.8761 0.8762 0.8765 0.8769 0.8775 0.8782 0.8791 0.8802 0.8814 0.8828 0.8844 0.8861 0.8879 0.8899 0.8921 0.8944 0.8969 0.8995 0.9022 0.9051 0.9082 0.9114 0.9147 0.9182 0.9219 0.9257 0.9297 0.9340 0.9384 0.9431 0.9481 0.9534 0.9592 0.9655 0.9726 0.9808 0.9900 1.0000 
1.0000 0.9899 0.9805 0.9721 0.9649 0.9585 0.9526 0.9472 0.9422 0.9374 0.9329 0.9286 0.9245 0.9206 0.9169 0.9133 0.9099 0.9066 0.9035 0.9006 0.8978 0.8952 0.8927 0.8903 0.8881 0.8861 0.8842 0.8825 0.8809 0.8795 0.8782 0.8771 0.8762 0.8754 0.8748 0.8744 0.8742 0.8741 0.8742 0.8744 0.8748 0.8754 0.8762 0.8771 0.8782 0.8795 0.8809 0.8825 0.8842 0.8861 0.8881 0.8903 0.8927 0.8952 0.8978 0.9006 0.9035 0.9066 0.9099 0.9133 0.9169 0.9206 0.9245 0.9286 0.9329 0.9374 0.9422 0.9472 0.9526 0.9585 0.9649 0.9721 0.9805 0.9899 1.0000 
1.0000 0.9897 0.9802 0.9717 0.9644 0.9579 0.9519 0.9464 0.9413 0.9364 0.9319 0.9275 0.9234 0.9194 0.9156 0.9120 0.9085 0.9052 0.9021 0.8991 0.8963 0.8936 0.8911 0.8887 0.8864 0.8844 0.8825 0.8807 0.8791 0.8777 0.8764 0.8753 0.8743 0.8736 0.8730 0.8725 0.8723 0.8722 0.8723 0.8725 0.8730 0.8736 0.8743 0.8753 0.8764 0.8777 0.8791 0.8807 0.8825 0.8844 0.8864 0.8887 0.8911 0.8936 0.8963 0.8991 0.9021 0.9052 0.9085 0.9120 0.9156 0.9194 0.9234 0.9275 0.9319 0.9364 0.9413 0.9464 0.9519 0.9579 0.9644 0.9717 0.9802 0.9897 1.0000 
1.0000 0.9896 0.9799 0.9713 0.9639 0.9573 0.9513 0.9457 0.9405 0.9356 0.9309 0.9265 0.9223 0.9183 0.9145 0.9108 0.9073 0.9040 0.9008 0.8978 0.8949 0.8922 0.8896 0.8872 0.8849 0.8828 0.8809 0.8791 0.8775 0.8760 0.8747 0.8736 0.8726 0.8719 0.8713 0.8708 0.8706 0.8705 0.8706 0.8708 0.8713 0.8719 0.8726 0.8736 0.8747 0.8760 0.8775 0.8791 0.8809 0.8828 0.8849 0.8872 0.8896 0.8922 0.8949 0.8978 0.9008 0.9040 0.9073 0.9108 0.9145 0.9183 0.9223 0.9265 0.9309 0.9356 0.9405 0.9457 0.9513 0.9573 0.9639 0.9713 0.9799 0.9896 1.0000 
1.0000 0.9895 0.9797 0.9710 0.9635 0.9568 0.9507 0.9451 0.9398 0.9348 0.9301 0.9257 0.9214 0.9173 0.9135 0.9098 0.9062 0.9028 0.8996 0.8965 0.8936 0.8909 0.8883 0.8858 0.8836 0.8814 0.8795 0.8777 0.8760 0.8745 0.8732 0.8721 0.8711 0.8703 0.8697 0.8693 0.8690 0.8689 0.8690 0.8693 0.8697 0.8703 0.8711 0.8721 0.8732 0.8745 0.8760 0.8777 0.8795 0.8814 0.8836 0.8858 0.8883 0.8909 0.8936 0.8965 0.8996 0.9028 0.9062 0.9098 0.9135 0.9173 0.9214 0.9257 0.9301 0.9348 0.9398 0.9451 0.9507 0.9568 0.9635 0.9710 0.9797 0.9895 1.0000 
1.0000 0.9893 0.9794 0.9707 0.9631 0.9563 0.9502 0.9445 0.9392 0.9341 0.9294 0.9249 0.9206 0.9165 0.9126 0.9088 0.9052 0.9018 0.8986 0.8955 0.8925 0.8897 0.8871 0.8846 0.8823 0.8802 0.8782 0.8764 0.8747 0.8732 0.8719 0.8708 0.8698 0.8690 0.8684 0.8679 0.8677 0.8676 0.8677 0.8679 0.8684 0.8690 0.8698 0.8708 0.8719 0.8732 0.8747 0.8764 0.8782 0.8802 0.8823 0.8846 0.8871 0.8897 0.8925 0.8955 0.8986 0.9018 0.9052 0.9088 0.9126 0.9165 0.9206 0.9249 0.9294 0.9341 0.9392 0.9445 0.9502 0.9563 0.9631 0.9707 0.9794 0.9893 1.0000 
1.0000 0.9892 0.9793 0.9704 0.9628 0.9559 0.9498 0.9440 0.9386 0.9336 0.9288 0.9242 0.9199 0.9157 0.9118 0.9080 0.9044 0.9009 0.8977 0.8945 0.8916 0.8888 0.8861 0.8836 0.8813 0.8791 0.8771 0.8753 0.8736 0.8721 0.8708 0.8696 0.8686 0.8678 0.8672 0.8667 0.8665 0.8664 0.8665 0.8667 0.8672 0.8678 0.8686 0.8696 0.8708 0.8721 0.8736 0.8753 0.8771 0.8791 0.8813 0.8836 0.8861 0.8888 0.8916 0.8945 0.8977 0.9009 0.9044 0.9080 0.9118 0.9157 0.9199 0.9242 0.9288 0.9336 0.9386 0.9440 0.9498 0.9559 0.9628 0.9704 0.9793 0.9892 1.0000 
1.0000 0.9892 0.9791 0.9702 0.9625 0.9556 0.9494 0.9436 0.9382 0.9331 0.9282 0.9236 0.9193 0.9151 0.9111 0.9073 0.9037 0.9002 0.8969 0.8937 0.8907 0.8879 0.8852 0.8827 0.8804 0.8782 0.8762 0.8743 0.8726 0.8711 0.8698 0.8686 0.8676 0.8668 0.8662 0.8657 0.8655 0.8654 0.8655 0.8657 0.8662 0.8668 0.8676 0.8686 0.8698 0.8711 0.8726 0.8743 0.8762 0.8782 0.8804 0.8827 0.8852 0.8879 0.8907 0.8937 0.8969 0.9002 0.9037 0.9073 0.9111 0.9151 0.9193 0.9236 0.9282 0.9331 0.9382 0.9436 0.9494 0.9556 0.9625 0.9702 0.9791 0.9892 1.0000 
1.0000 0.9891 0.9790 0.9700 0.9622 0.9553 0.9491 0.9432 0.9378 0.9326 0.9278 0.9232 0.9188 0.9146 0.9106 0.9067 0.9031 0.8996 0.8962 0.8931 0.8901 0.8872 0.8845 0.8820 0.8797 0.8775 0.8754 0.8736 0.8719 0.8703 0.8690 0.8678 0.8668 0.8660 0.8654 0.8649 0.8646 0.8645 0.8646 0.8649 0.8654 0.8660 0.8668 0.8678 0.8690 0.8703 0.8719 0.8736 0.8754 0.8775 0.8797 0.8820 0.8845 0.8872 0.8901 0.8931 0.8962 0.8996 0.9031 0.9067 0.9106 0.9146 0.9188 0.9232 0.9278 0.9326 0.9378 0.9432 0.9491 0.9553 0.9622 0.9700 0.9790 0.9891 1.0000 
1.0000 0.9891 0.9789 0.9699 0.9621 0.9551 0.9488 0.9430 0.9375 0.9323 0.9274 0.9228 0.9184 0.9142 0.9101 0.9063 0.9026 0.8991 0.8958 0.8926 0.8895 0.8867 0.8840 0.8815 0.8791 0.8769 0.8748 0.8730 0.8713 0.8697 0.8684 0.8672 0.8662 0.8654 0.8647 0.8643 0.8640 0.8639 0.8640 0.8643 0.8647 0.8654 0.8662 0.8672 0.8684 0.8697 0.8713 0.8730 0.8748 0.8769 0.8791 0.8815 0.8840 0.8867 0.8895 0.8926 0.8958 0.8991 0.9026 0.9063 0.9101 0.9142 0.9184 0.9228 0.9274 0.9323 0.9375 0.9430 0.9488 0.9551 0.9621 0.9699 0.9789 0.9891 1.0000 
1.0000 0.9890 0.9788 0.9698 0.9619 0.9550 0.9486 0.9428 0.9373 0.9321 0.9272 0.9225 0.9181 0.9139 0.9098 0.9060 0.9023 0.8988 0.8954 0.8922 0.8892 0.8863 0.8836 0.8811 0.8787 0.8765 0.8744 0.8725 0.8708 0.8693 0.8679 0.8667 0.8657 0.8649 0.8643 0.8638 0.8635 0.8634 0.8635 0.8638 0.8643 0.8649 0.8657 0.8667 0.8679 0.8693 0.8708 0.8725 0.8744 0.8765 0.8787 0.8811 0.8836 0.8863 0.8892 0.8922 0.8954 0.8988 0.9023 0.9060 0.9098 0.9139 0.9181 0.9225 0.9272 0.9321 0.9373 0.9428 0.9486 0.9550 0.9619 0.9698 0.9788 0.9890 1.0000 
1.0000 0.9890 0.9788 0.9697 0.9619 0.9549 0.9485 0.9427 0.9371 0.9320 0.9270 0.9224 0.9179 0.9137 0.9097 0.9058 0.9021 0.8986 0.8952 0.8920 0.8889 0.8861 0.8834 0.8808 0.8784 0.8762 0.8742 0.8723 0.8706 0.8690 0.8677 0.8665 0.8655 0.8646 0.8640 0.8635 0.8632 0.8632 0.8632 0.8635 0.8640 0.8646 0.8655 0.8665 0.8677 0.8690 0.8706 0.8723 0.8742 0.8762 0.8784 0.8808 0.8834 0.8861 0.8889 0.8920 0.8952 0.8986 0.9021 0.9058 0.9097 0.9137 0.9179 0.9224 0.9270 0.9320 0.9371 0.9427 0.9485 0.9549 0.9619 0.9697 0.9788 0.9890 1.0000 
1.0000 0.9890 0.9787 0.9697 0.9618 0.9549 0.9485 0.9426 0.9371 0.9319 0.9270 0.9223 0.9179 0.9136 0.9096 0.9057 0.9020 0.8985 0.8951 0.8919 0.8889 0.8860 0.8833 0.8807 0.8783 0.8761 0.8741 0.8722 0.8705 0.8689 0.8676 0.8664 0.8654 0.8645 0.8639 0.8634 0.8632 0.8631 0.8632 0.8634 0.8639 0.8645 0.8654 0.8664 0.8676 0.8689 0.8705 0.8722 0.8741 0.8761 0.8783 0.8807 0.8833 0.8860 0.8889 0.8919 0.8951 0.8985 0.9020 0.9057 0.9096 0.9136 0.9179 0.9223 0.9270 0.9319 0.9371 0.9426 0.9485 0.9549 0.9618 0.9697 0.9787 0.9890 1.0000 
1.0000 0.9890 0.9788 0.9697 0.9619 0.9549 0.9485 0.9427 0.9371 0.9320 0.9270 0.9224 0.9179 0.9137 0.9097 0.9058 0.9021 0.8986 0.8952 0.8920 0.8889 0.8861 0.8834 0.8808 0.8784 0.8762 0.8742 0.8723 0.8706 0.8690 0.8677 0.8665 0.8655 0.8646 0.8640 0.8635 0.8632 0.8632 0.8632 0.8635 0.8640 0.8646 0.8655 0.8665 0.8677 0.8690 0.8706 0.8723 0.8742 0.8762 0.8784 0.8808 0.8834 0.8861 0.8889 0.8920 0.8952 0.8986 0.9021 0.9058 0.9097 0.9137 0.9179 0.9224 0.9270 0.9320 0.9371 0.9427 0.9485 0.9549 0.9619 0.9697 0.9788 0.9890 1.0000 
1.0000 0.9890 0.9788 0.9698 0.9619 0.9550 0.9486 0.9428 0.9373 0.9321 0.9272 0.9225 0.9181 0.9139 0.9098 0.9060 0.9023 0.8988 0.8954 0.8922 0.8892 0.8863 0.8836 0.8811 0.8787 0.8765 0.8744 0.8725 0.8708 0.8693 0.8679 0.8667 0.8657 0.8649 0.8643 0.8638 0.8635 0.8634 0.8635 0.8638 0.8643 0.8649 0.8657 0.8667 0.8679 0.8693 0.8708 0.8725 0.8744 0.8765 0.8787 0.8811 0.8836 0.8863 0.8892 0.8922 0.8954 0.8988 0.9023 0.9060 0.9098 0.9139 0.9181 0.9225 0.9272 0.9321 0.9373 0.9428 0.9486 0.9550 0.9619 0.9698 0.9788 0.9890 1.0000 
1.0000 0.9891 0.9789 0.9699 0.9621 0.9551 0.9488 0.9430 0.9375 0.9323 0.9274 0.9228 0.9184 0.9142 0.9101 0.9063 0.9026 0.8991 0.8958 0.8926 0.8895 0.8867 0.8840 0.8815 0.8791 0.8769 0.8748 0.8730 0.8713 0.8697 0.8684 0.8672 0.8662 0.8654 0.8647 0.8643 0.8640 0.8639 0.8640 0.8643 0.8647 0.8654 0.8662 0.8672 0.8684 0.8697 0.8713 0.8730 0.8748 0.8769 0.8791 0.8815 0.8840 0.8867 0.8895 0.8926 0.8958 0.8991 0.9026 0.9063 0.9101 0.9142 0.9184 0.9228 0.9274 0.9323 0.9375 0.9430 0.9488 0.9551 0.9621 0.9699 0.9789 0.9891 1.0000 
1.0000 0.9891 0.9790 0.9700 0.9622 0.9553 0.9491 0.9432 0.9378 0.9326 0.9278 0.9232 0.9188 0.9146 0.9106 0.9067 0.9031 0.8996 0.8962 0.8931 0.8901 0.8872 0.8845 0.8820 0.8797 0.8775 0.8754 0.8736 0.8719 0.8703 0.8690 0.8678 0.8668 0.8660 0.8654 0.8649 0.8646 0.8645 0.8646 0.8649 0.8654 0.8660 0.8668 0.8678 0.8690 0.8703 0.8719 0.8736 0.8754 0.8775 0.8797 0.8820 0.8845 0.8872 0.8901 0.8931 0.8962 0.8996 0.9031 0.9067 0.9106 0.9146 0.9188 0.9232 0.9278 0.9326 0.9378 0.9432 0.9491 0.9553 0.9622 0.9700 0.9790 0.9891 1.0000 
1.0000 0.9892 0.9791 0.9702 0.9625 0.9556 0.9494 0.9436 0.9382 0.9331 0.9282 0.9236 0.9193 0.9151 0.9111 0.9073 0.9037 0.9002 0.8969 0.8937 0.8907 0.8879 0.8852 0.8827 0.8804 0.8782 0.8762 0.8743 0.8726 0.8711 0.8698 0.8686 0.8676 0.8668 0.8662 0.8657 0.8655 0.8654 0.8655 0.8657 0.8662 0.8668 0.8676 0.8686 0.8698 0.8711 0.8726 0.8743 0.8762 0.8782 0.8804 0.8827 0.8852 0.8879 0.8907 0.8937 0.8969 0.9002 0.9037 0.9073 0.9111 0.9151 0.9193 0.9236 0.9282 0.9331 0.9382 0.9436 0.9494 0.9556 0.9625 0.9702 0.9791 0.9892 1.0000 
1.0000 0.9892 0.9793 0.9704 0.9628 0.9559 0.9498 0.9440 0.9386 0.9336 0.9288 0.9242 0.9199 0.9157 0.9118 0.9080 0.9044 0.9009 0.8977 0.8945 0.8916 0.8888 0.8861 0.8836 0.8813 0.8791 0.8771 0.8753 0.8736 0.8721 0.8708 0.8696 0.8686 0.8678 0.8672 0.8667 0.8665 0.8664 0.8665 0.8667 0.8672 0.8678 0.8686 0.8696 0.8708 0.8721 0.8736 0.8753 0.8771 0.8791 0.8813 0.8836 0.8861 0.8888 0.8916 0.8945 0.8977 0.9009 0.9044 0.9080 0.9118 0.9157 0.9199 0.9242 0.9288 0.9336 0.9386 0.9440 0.9498 0.9559 0.9628 0.9704 0.9793 0.9892 1.0000 
1.0000 0.9893 0.9794 0.9707 0.9631 0.9563 0.9502 0.9445 0.9392 0.9341 0.9294 0.9249 0.9206 0.9165 0.9126 0.9088 0.9052 0.9018 0.8986 0.8955 0.8925 0.8897 0.8871 0.8846 0.8823 0.8802 0.8782 0.8764 0.8747 0.8732 0.8719 0.8708 0.8698 0.8690 0.8684 0.8679 0.8677 0.8676 0.8677 0.8679 0.8684 0.8690 0.8698 0.8708 0.8719 0.8732 0.8747 0.8764 0.8782 0.8802 0.8823 0.8846 0.8871 0.8897 0.8925 0.8955 0.8986 0.9018 0.9052 0.9088 0.9126 0.9165 0.9206 0.9249 0.9294 0.9341 0.9392 0.9445 0.9502 0.9563 0.9631 0.9707 0.9794 0.9893 1.0000 
1.0000 0.9895 0.9797 0.9710 0.9635 0.9568 0.9507 0.9451 0.9398 0.9348 0.9301 0.9257 0.9214 0.9173 0.9135 0.9098 0.9062 0.9028 0.8996 0.8965 0.8936 0.8909 0.8883 0.8858 0.8836 0.8814 0.8795 0.8777 0.8760 0.8745 0.8732 0.8721 0.8711 0.8703 0.8697 0.8693 0.8690 0.8689 0.8690 0.8693 0.8697 0.8703 0.8711 0.8721 0.8732 0.8745 0.8760 0.8777 0.8795 0.8814 0.8836 0.8858 0.8883 0.8909 0.8936 0.8965 0.8996 0.9028 0.9062 0.9098 0.9135 0.9173 0.9214 0.9257 0.9301 0.9348 0.9398 0.9451 0.9507 0.9568 0.9635 0.9710 0.9797 0.9895 1.0000 
1.0000 0.9896 0.9799 0.9713 0.9639 0.9573 0.9513 0.9457 0.9405 0.9356 0.9309 0.9265 0.9223 0.9183 0.9145 0.9108 0.9073 0.9040 0.9008 0.8978 0.8949 0.8922 0.8896 0.8872 0.8849 0.8828 0.8809 0.8791 0.8775 0.8760 0.8747 0.8736 0.8726 0.8719 0.8713 0.8708 0.8706 0.8705 0.8706 0.8708 0.8713 0.8719 0.8726 0.8736 0.8747 0.8760 0.8775 0.8791 0.8809 0.8828 0.8849 0.8872 0.8896 0.8922 0.8949 0.8978 0.9008 0.9040 0.9073 0.9108 0.9145 0.9183 0.9223 0.9265 0.9309 0.9356 0.9405 0.9457 0.9513 0.9573 0.9639 0.9713 0.9799 0.9896 1.0000 
1.0000 0.9897 0.9802 0.9717 0.9644 0.9579 0.9519 0.9464 0.9413 0.9364 0.9319 0.9275 0.9234 0.9194 0.9156 0.9120 0.9085 0.9052 0.9021 0.8991 0.8963 0.8936 0.8911 0.8887 0.8864 0.8844 0.8825 0.8807 0.8791 0.8777 0.8764 0.8753 0.8743 0.8736 0.8730 0.8725 0.8723 0.8722 0.8723 0.8725 0.8730 0.8736 0.8743 0.8753 0.8764 0.8777 0.8791 0.8807 0.8825 0.8844 0.8864 0.8887 0.8911 0.8936 0.8963 0.8991 0.9021 0.9052 0.9085 0.9120 0.9156 0.9194 0.9234 0.9275 0.9319 0.9364 0.9413 0.9464 0.9519 0.9579 0.9644 0.9717 0.9802 0.9897 1.0000 
1.0000 0.9899 0.9805 0.9721 0.9649 0.9585 0.9526 0.9472 0.9422 0.9374 0.9329 0.9286 0.9245 0.9206 0.9169 0.9133 0.9099 0.9066 0.9035 0.9006 0.8978 0.8952 0.8927 0.8903 0.8881 0.8861 0.8842 0.8825 0.8809 0.8795 0.8782 0.8771 0.8762 0.8754 0.8748 0.8744 0.8742 0.8741 0.8742 0.8744 0.8748 0.8754 0.8762 0.8771 0.8782 0.8795 0.8809 0.8825 0.8842 0.8861 0.8881 0.8903 0.8927 0.8952 0.8978 0.9006 0.9035 0.9066 0.9099 0.9133 0.9169 0.9206 0.9245 0.9286 0.9329 0.9374 0.9422 0.9472 0.9526 0.9585 0.9649 0.9721 0.9805 0.9899 1.0000 
1.0000 0.9900 0.9808 0.9726 0.9655 0.9592 0.9534 0.9481 0.9431 0.9384 0.9340 0.9297 0.9257 0.9219 0.9182 0.9147 0.9114 0.9082 0.9051 0.9022 0.8995 0.8969 0.8944 0.8921 0.8899 0.8879 0.8861 0.8844 0.8828 0.8814 0.8802 0.8791 0.8782 0.8775 0.8769 0.8765 0.8762 0.8761 0.8762 0.8765 0.8769 0.8775 0.8782 0.8791 0.8802 0.8814 0.8828 0.8844 0.8861 0.8879 0.8899 0.8921 0.8944 0.8969 0.8995 0.9022 0.9051 0.9082 0.9114 0.9147 0.9182 0.9219 0.9257 0.9297 0.9340 0.9384 0.9431 0.9481 0.9534 0.9592 0.9655 0.9726 0.9808 0.9900 1.0000 
1.0000 0.9902 0.9811 0.9731 0.9661 0.9599 0.9543 0.9490 0.9441 0.9395 0.9351 0.9310 0.9270 0.9233 0.9197 0.9162 0.9129 0.9098 0.9068 0.9040 0.9013 0.8987 0.8963 0.8940 0.8919 0.8899 0.8881 0.8864 0.8849 0.8836 0.8823 0.8813 0.8804 0.8797 0.8791 0.8787 0.8784 0.8783 0.8784 0.8787 0.8791 0.8797 0.8804 0.8813 0.8823 0.8836 0.8849 0.8864 0.8881 0.8899 0.8919 0.8940 0.8963 0.8987 0.9013 0.9040 0.9068 0.9098 0.9129 0.9162 0.9197 0.9233 0.9270 0.9310 0.9351 0.9395 0.9441 0.9490 0.9543 0.9599 0.9661 0.9731 0.9811 0.9902 1.0000 
1.0000 0.9904 0.9815 0.9736 0.9668 0.9607 0.9552 0.9500 0.9452 0.9407 0.9364 0.9324 0.9285 0.9248 0.9213 0.9179 0.9147 0.9116 0.9086 0.9059 0.9032 0.9007 0.8983 0.8961 0.8940 0.8921 0.8903 0.8887 0.8872 0.8858 0.8846 0.8836 0.8827 0.8820 0.8815 0.8811 0.8808 0.8807 0.8808 0.8811 0.8815 0.8820 0.8827 0.8836 0.8846 0.8858 0.8872 0.8887 0.8903 0.8921 0.8940 0.8961 0.8983 0.9007 0.9032 0.9059 0.9086 0.9116 0.9147 0.9179 0.9213 0.9248 0.9285 0.9324 0.9364 0.9407 0.9452 0.9500 0.9552 0.9607 0.9668 0.9736 0.9815 0.9904 1.0000 
1.0000 0.9906 0.9819 0.9742 0.9675 0.9615 0.9561 0.9511 0.9464 0.9420 0.9378 0.9338 0.9300 0.9264 0.9229 0.9196 0.9165 0.9135 0.9106 0.9079 0.9053 0.9028 0.9005 0.8983 0.8963 0.8944 0.8927 0.8911 0.8896 0.8883 0.8871 0.8861 0.8852 0.8845 0.8840 0.8836 0.8834 0.8833 0.8834 0.8836 0.8840 0.8845 0.8852 0.8861 0.8871 0.8883 0.8896 0.8911 0.8927 0.8944 0.8963 0.8983 0.9005 0.9028 0.9053 0.9079 0.9106 0.9135 0.9165 0.9196 0.9229 0.9264 0.9300 0.9338 0.9378 0.9420 0.9464 0.9511 0.9561 0.9615 0.9675 0.9742 0.9819 0.9906 1.0000 
1.0000 0.9908 0.9823 0.9748 0.9682 0.9624 0.9571 0.9522 0.9476 0.9433 0.9392 0.9353 0.9316 0.9281 0.9247 0.9215 0.9184 0.9155 0.9127 0.9100 0.9075 0.9051 0.9028 0.9007 0.8987 0.8969 0.8952 0.8936 0.8922 0.8909 0.8897 0.8888 0.8879 0.8872 0.8867 0.8863 0.8861 0.8860 0.8861 0.8863 0.8867 0.8872 0.8879 0.8888 0.8897 0.8909 0.8922 0.8936 0.8952 0.8969 0.8987 0.9007 0.9028 0.9051 0.9075 0.9100 0.9127 0.9155 0.9184 0.9215 0.9247 0.9281 0.9316 0.9353 0.9392 0.9433 0.9476 0.9522 0.9571 0.9624 0.9682 0.9748 0.9823 0.9908 1.0000 
1.0000 0.9911 0.9828 0.9754 0.9690 0.9634 0.9582 0.9534 0.9490 0.9447 0.9408 0.9370 0.9334 0.9299 0.9266 0.9235 0.9205 0.9176 0.9149 0.9123 0.9098 0.9075 0.9053 0.9032 0.9013 0.8995 0.8978 0.8963 0.8949 0.8936 0.8925 0.8916 0.8907 0.8901 0.8895 0.8892 0.8889 0.8889 0.8889 0.8892 0.8895 0.8901 0.8907 0.8916 0.8925 0.8936 0.8949 0.8963 0.8978 0.8995 0.9013 0.9032 0.9053 0.9075 0.9098 0.9123 0.9149 0.9176 0.9205 0.9235 0.9266 0.9299 0.9334 0.9370 0.9408 0.9447 0.9490 0.9534 0.9582 0.9634 0.9690 0.9754 0.9828 0.9911 1.0000 
1.0000 0.9913 0.9832 0.9761 0.9699 0.9644 0.9594 0.9547 0.9504 0.9463 0.9424 0.9387 0.9352 0.9318 0.9286 0.9256 0.9227 0.9199 0.9172 0.9147 0.9123 0.9100 0.9079 0.9059 0.9040 0.9022 0.9006 0.8991 0.8978 0.8965 0.8955 0.8945 0.8937 0.8931 0.8926 0.8922 0.8920 0.8919 0.8920 0.8922 0.8926 0.8931 0.8937 0.8945 0.8955 0.8965 0.8978 0.8991 0.9006 0.9022 0.9040 0.9059 0.9079 0.9100 0.9123 0.9147 0.9172 0.9199 0.9227 0.9256 0.9286 0.9318 0.9352 0.9387 0.9424 0.9463 0.9504 0.9547 0.9594 0.9644 0.9699 0.9761 0.9832 0.9913 1.0000 
1.0000 0.9916 0.9837 0.9768 0.9708 0.9654 0.9606 0.9561 0.9518 0.9479 0.9441 0.9405 0.9371 0.9339 0.9308 0.9278 0.9250 0.9222 0.9197 0.9172 0.9149 0.9127 0.9106 0.9086 0.9068 0.9051 0.9035 0.9021 0.9008 0.8996 0.8986 0.8977 0.8969 0.8962 0.8958 0.8954 0.8952 0.8951 0.8952 0.8954 0.8958 0.8962 0.8969 0.8977 0.8986 0.8996 0.9008 0.9021 0.9035 0.9051 0.9068 0.9086 0.9106 0.9127 0.9149 0.9172 0.9197 0.9222 0.9250 0.9278 0.9308 0.9339 0.9371 0.9405 0.9441 0.9479 0.9518 0.9561 0.9606 0.9654 0.9708 0.9768 0.9837 0.9916 1.0000 
1.0000 0.9918 0.9842 0.9775 0.9717 0.9665 0.9618 0.9575 0.9534 0.9495 0.9459 0.9424 0.9391 0.9360 0.9330 0.9301 0.9274 0.9247 0.9222 0.9199 0.9176 0.9155 0.9135 0.9116 0.9098 0.9082 0.9066 0.9052 0.9040 0.9028 0.9018 0.9009 0.9002 0.8996 0.8991 0.8988 0.8986 0.8985 0.8986 0.8988 0.8991 0.8996 0.9002 0.9009 0.9018 0.9028 0.9040 0.9052 0.9066 0.9082 0.9098 0.9116 0.9135 0.9155 0.9176 0.9199 0.9222 0.9247 0.9274 0.9301 0.9330 0.9360 0.9391 0.9424 0.9459 0.9495 0.9534 0.9575 0.9618 0.9665 0.9717 0.9775 0.9842 0.9918 1.0000 
1.0000 0.9921 0.9848 0.9783 0.9727 0.9677 0.9632 0.9589 0.9550 0.9513 0.9478 0.9444 0.9412 0.9382 0.9353 0.9325 0.9299 0.9274 0.9250 0.9227 0.9205 0.9184 0.9165 0.9147 0.9129 0.9114 0.9099 0.9085 0.9073 0.9062 0.9052 0.9044 0.9037 0.9031 0.9026 0.9023 0.9021 0.9020 0.9021 0.9023 0.9026 0.9031 0.9037 0.9044 0.9052 0.9062 0.9073 0.9085 0.9099 0.9114 0.9129 0.9147 0.9165 0.9184 0.9205 0.9227 0.9250 0.9274 0.9299 0.9325 0.9353 0.9382 0.9412 0.9444 0.9478 0.9513 0.9550 0.9589 0.9632 0.9677 0.9727 0.9783 0.9848 0.9921 1.0000 
1.0000 0.9924 0.9854 0.9791 0.9737 0.9689 0.9646 0.9605 0.9567 0.9531 0.9497 0.9465 0.9435 0.9405 0.9378 0.9351 0.9325 0.9301 0.9278 0.9256 0.9235 0.9215 0.9196 0.9179 0.9162 0.9147 0.9133 0.9120 0.9108 0.9098 0.9088 0.9080 0.9073 0.9067 0.9063 0.9060 0.9058 0.9057 0.9058 0.9060 0.9063 0.9067 0.9073 0.9080 0.9088 0.9098 0.9108 0.9120 0.9133 0.9147 0.9162 0.9179 0.9196 0.9215 0.9235 0.9256 0.9278 0.9301 0.9325 0.9351 0.9378 0.9405 0.9435 0.9465 0.9497 0.9531 0.9567 0.9605 0.9646 0.9689 0.9737 0.9791 0.9854 0.9924 1.0000 
1.0000 0.9927 0.9860 0.9800 0.9748 0.9702 0.9660 0.9621 0.9585 0.9551 0.9518 0.9487 0.9458 0.9430 0.9403 0.9378 0.9353 0.9330 0.9308 0.9286 0.9266 0.9247 0.9229 0.9213 0.9197 0.9182 0.9169 0.9156 0.9145 0.9135 0.9126 0.9118 0.9111 0.9106 0.9101 0.9098 0.9097 0.9096 0.9097 0.9098 0.9101 0.9106 0.9111 0.9118 0.9126 0.9135 0.9145 0.9156 0.9169 0.9182 0.9197 0.9213 0.9229 0.9247 0.9266 0.9286 0.9308 0.9330 0.9353 0.9378 0.9403 0.9430 0.9458 0.9487 0.9518 0.9551 0.9585 0.9621 0.9660 0.9702 0.9748 0.9800 0.9860 0.9927 1.0000 
1.0000 0.9931 0.9866 0.9809 0.9759 0.9715 0.9675 0.9638 0.9603 0.9571 0.9540 0.9510 0.9482 0.9455 0.9430 0.9405 0.9382 0.9360 0.9339 0.9318 0.9299 0.9281 0.9264 0.9248 0.9233 0.9219 0.9206 0.9194 0.9183 0.9173 0.9165 0.9157 0.9151 0.9146 0.9142 0.9139 0.9137 0.9136 0.9137 0.9139 0.9142 0.9146 0.9151 0.9157 0.9165 0.9173 0.9183 0.9194 0.9206 0.9219 0.9233 0.9248 0.9264 0.9281 0.9299 0.9318 0.9339 0.9360 0.9382 0.9405 0.9430 0.9455 0.9482 0.9510 0.9540 0.9571 0.9603 0.9638 0.9675 0.9715 0.9759 0.9809 0.9866 0.9931 1.0000 
1.0000 0.9934 0.9873 0.9818 0.9771 0.9729 0.9691 0.9656 0.9623 0.9592 0.9562 0.9534 0.9508 0.9482 0.9458 0.9435 0.9412 0.9391 0.9371 0.9352 0.9334 0.9316 0.9300 0.9285 0.9270 0.9257 0.9245 0.9234 0.9223 0.9214 0.9206 0.9199 0.9193 0.9188 0.9184 0.9181 0.9179 0.9179 0.9179 0.9181 0.9184 0.9188 0.9193 0.9199 0.9206 0.9214 0.9223 0.9234 0.9245 0.9257 0.9270 0.9285 0.9300 0.9316 0.9334 0.9352 0.9371 0.9391 0.9412 0.9435 0.9458 0.9482 0.9508 0.9534 0.9562 0.9592 0.9623 0.9656 0.9691 0.9729 0.9771 0.9818 0.9873 0.9934 1.0000 
1.0000 0.9938 0.9880 0.9828 0.9784 0.9744 0.9708 0.9675 0.9643 0.9614 0.9586 0.9560 0.9534 0.9510 0.9487 0.9465 0.9444 0.9424 0.9405 0.9387 0.9370 0.9353 0.9338 0.9324 0.9310 0.9297 0.9286 0.9275 0.9265 0.9257 0.9249 0.9242 0.9236 0.9232 0.9228 0.9225 0.9224 0.9223 0.9224 0.9225 0.9228 0.9232 0.9236 0.9242 0.9249 0.9257 0.9265 0.9275 0.9286 0.9297 0.9310 0.9324 0.9338 0.9353 0.9370 0.9387 0.9405 0.9424 0.9444 0.9465 0.9487 0.9510 0.9534 0.9560 0.9586 0.9614 0.9643 0.9675 0.9708 0.9744 0.9784 0.9828 0.9880 0.9938 1.0000 
1.0000 0.9941 0.9887 0.9839 0.9797 0.9759 0.9726 0.9694 0.9665 0.9637 0.9611 0.9586 0.9562 0.9540 0.9518 0.9497 0.9478 0.9459 0.9441 0.9424 0.9408 0.9392 0.9378 0.9364 0.9351 0.9340 0.9329 0.9319 0.9309 0.9301 0.9294 0.9288 0.9282 0.9278 0.9274 0.9272 0.9270 0.9270 0.9270 0.9272 0.9274 0.9278 0.9282 0.9288 0.9294 0.9301 0.9309 0.9319 0.9329 0.9340 0.9351 0.9364 0.9378 0.9392 0.9408 0.9424 0.9441 0.9459 0.9478 0.9497 0.9518 0.9540 0.9562 0.9586 0.9611 0.9637 0.9665 0.9694 0.9726 0.9759 0.9797 0.9839 0.9887 0.9941 1.0000 
1.0000 0.9945 0.9894 0.9850 0.9810 0.9776 0.9744 0.9715 0.9687 0.9662 0.9637 0.9614 0.9592 0.9571 0.9551 0.9531 0.9513 0.9495 0.9479 0.9463 0.9447 0.9433 0.9420 0.9407 0.9395 0.9384 0.9374 0.9364 0.9356 0.9348 0.9341 0.9336 0.9331 0.9326 0.9323 0.9321 0.9320 0.9319 0.9320 0.9321 0.9323 0.9326 0.9331 0.9336 0.9341 0.9348 0.9356 0.9364 0.9374 0.9384 0.9395 0.9407 0.9420 0.9433 0.9447 0.9463 0.9479 0.9495 0.9513 0.9531 0.9551 0.9571 0.9592 0.9614 0.9637 0.9662 0.9687 0.9715 0.9744 0.9776 0.9810 0.9850 0.9894 0.9945 1.0000 
1.0000 0.9949 0.9902 0.9861 0.9825 0.9793 0.9764 0.9737 0.9711 0.9687 0.9665 0.9643 0.9623 0.9603 0.9585 0.9567 0.9550 0.9534 0.9518 0.9504 0.9490 0.9476 0.9464 0.9452 0.9441 0.9431 0.9422 0.9413 0.9405 0.9398 0.9392 0.9386 0.9382 0.9378 0.9375 0.9373 0.9371 0.9371 0.9371 0.9373 0.9375 0.9378 0.9382 0.9386 0.9392 0.9398 0.9405 0.9413 0.9422 0.9431 0.9441 0.9452 0.9464 0.9476 0.9490 0.9504 0.9518 0.9534 0.9550 0.9567 0.9585 0.9603 0.9623 0.9643 0.9665 0.9687 0.9711 0.9737 0.9764 0.9793 0.9825 0.9861 0.9902 0.9949 1.0000 
1.0000 0.9954 0.9911 0.9873 0.9840 0.9811 0.9784 0.9760 0.9737 0.9715 0.9694 0.9675 0.9656 0.9638 0.9621 0.9605 0.9589 0.9575 0.9561 0.9547 0.9534 0.9522 0.9511 0.9500 0.9490 0.9481 0.9472 0.9464 0.9457 0.9451 0.9445 0.9440 0.9436 0.9432 0.9430 0.9428 0.9427 0.9426 0.9427 0.9428 0.9430 0.9432 0.9436 0.9440 0.9445 0.9451 0.9457 0.9464 0.9472 0.9481 0.9490 0.9500 0.9511 0.9522 0.9534 0.9547 0.9561 0.9575 0.9589 0.9605 0.9621 0.9638 0.9656 0.9675 0.9694 0.9715 0.9737 0.9760 0.9784 0.9811 0.9840 0.9873 0.9911 0.9954 1.0000 
1.0000 0.9959 0.9920 0.9886 0.9857 0.9830 0.9807 0.9784 0.9764 0.9744 0.9726 0.9708 0.9691 0.9675 0.9660 0.9646 0.9632 0.9618 0.9606 0.9594 0.9582 0.9571 0.9561 0.9552 0.9543 0.9534 0.9526 0.9519 0.9513 0.9507 0.9502 0.9498 0.9494 0.9491 0.9488 0.9486 0.9485 0.9485 0.9485 0.9486 0.9488 0.9491 0.9494 0.9498 0.9502 0.9507 0.9513 0.9519 0.9526 0.9534 0.9543 0.9552 0.9561 0.9571 0.9582 0.9594 0.9606 0.9618 0.9632 0.9646 0.9660 0.9675 0.9691 0.9708 0.9726 0.9744 0.9764 0.9784 0.9807 0.9830 0.9857 0.9886 0.9920 0.9959 1.0000 
1.0000 0.9964 0.9930 0.9900 0.9874 0.9851 0.9830 0.9811 0.9793 0.9776 0.9759 0.9744 0.9729 0.9715 0.9702 0.9689 0.9677 0.9665 0.9654 0.9644 0.9634 0.9624 0.9615 0.9607 0.9599 0.9592 0.9585 0.9579 0.9573 0.9568 0.9563 0.9559 0.9556 0.9553 0.9551 0.9550 0.9549 0.9549 0.9549 0.9550 0.9551 0.9553 0.9556 0.9559 0.9563 0.9568 0.9573 0.9579 0.9585 0.9592 0.9599 0.9607 0.9615 0.9624 0.9634 0.9644 0.9654 0.9665 0.9677 0.9689 0.9702 0.9715 0.9729 0.9744 0.9759 0.9776 0.9793 0.9811 0.9830 0.9851 0.9874 0.9900 0.9930 0.9964 1.0000 
1.0000 0.9969 0.9941 0.9916 0.9894 0.9874 0.9857 0.9840 0.9825 0.9810 0.9797 0.9784 0.9771 0.9759 0.9748 0.9737 0.9727 0.9717 0.9708 0.9699 0.9690 0.9682 0.9675 0.9668 0.9661 0.9655 0.9649 0.9644 0.9639 0.9635 0.9631 0.9628 0.9625 0.9622 0.9621 0.9619 0.9619 0.9618 0.9619 0.9619 0.9621 0.9622 0.9625 0.9628 0.9631 0.9635 0.9639 0.9644 0.9649 0.9655 0.9661 0.9668 0.9675 0.9682 0.9690 0.9699 0.9708 0.9717 0.9727 0.9737 0.9748 0.9759 0.9771 0.9784 0.9797 0.9810 0.9825 0.9840 0.9857 0.9874 0.9894 0.9916 0.9941 0.9969 1.0000 
1.0000 0.9976 0.9953 0.9933 0.9916 0.9900 0.9886 0.9873 0.9861 0.9850 0.9839 0.9828 0.9818 0.9809 0.9800 0.9791 0.9783 0.9775 0.9768 0.9761 0.9754 0.9748 0.9742 0.9736 0.9731 0.9726 0.9721 0.9717 0.9713 0.9710 0.9707 0.9704 0.9702 0.9700 0.9699 0.9698 0.9697 0.9697 0.9697 0.9698 0.9699 0.9700 0.9702 0.9704 0.9707 0.9710 0.9713 0.9717 0.9721 0.9726 0.9731 0.9736 0.9742 0.9748 0.9754 0.9761 0.9768 0.9775 0.9783 0.9791 0.9800 0.9809 0.9818 0.9828 0.9839 0.9850 0.9861 0.9873 0.9886 0.9900 0.9916 0.9933 0.9953 0.9976 1.0000 
1.0000 0.9983 0.9967 0.9953 0.9941 0.9930 0.9920 0.9911 0.9902 0.9894 0.9887 0.9880 0.9873 0.9866 0.9860 0.9854 0.9848 0.9842 0.9837 0.9832 0.9828 0.9823 0.9819 0.9815 0.9811 0.9808 0.9805 0.9802 0.9799 0.9797 0.9794 0.9793 0.9791 0.9790 0.9789 0.9788 0.9788 0.9787 0.9788 0.9788 0.9789 0.9790 0.9791 0.9793 0.9794 0.9797 0.9799 0.9802 0.9805 0.9808 0.9811 0.9815 0.9819 0.9823 0.9828 0.9832 0.9837 0.9842 0.9848 0.9854 0.9860 0.9866 0.9873 0.9880 0.9887 0.9894 0.9902 0.9911 0.9920 0.9930 0.9941 0.9953 0.9967 0.9983 1.0000 
1.0000 0.9991 0.9983 0.9976 0.9969 0.9964 0.9959 0.9954 0.9949 0.9945 0.9941 0.9938 0.9934 0.9931 0.9927 0.9924 0.9921 0.9918 0.9916 0.9913 0.9911 0.9908 0.9906 0.9904 0.9902 0.9900 0.9899 0.9897 0.9896 0.9895 0.9893 0.9892 0.9892 0.9891 0.9891 0.9890 0.9890 0.9890 0.9890 0.9890 0.9891 0.9891 0.9892 0.9892 0.9893 0.9895 0.9896 0.9897 0.9899 0.9900 0.9902 0.9904 0.9906 0.9908 0.9911 0.9913 0.9916 0.9918 0.9921 0.9924 0.9927 0.9931 0.9934 0.9938 0.9941 0.9945 0.9949 0.9954 0.9959 0.9964 0.9969 0.9976 0.9983 0.9991 1.0000 
1.0000 1.0000 1.0000 1.0000 1.0000 1.0000 1.0000 1.0000 1.0000 1.0000 1.0000 1.0000 1.0000 1.0000 1.0000 1.0000 1.0000 1.0000 1.0000 1.0000 1.0000 1.0000 1.0000 1.0000 1.0000 1.0000 1.0000 1.0000 1.0000 1.0000 1.0000 1.0000 1.0000 1.0000 1.0000 1.0000 1.0000 1.0000 1.0000 1.0000 1.0000 1.0000 1.0000 1.0000 1.0000 1.0000 1.0000 1.0000 1.0000 1.0000 1.0000 1.0000 1.0000 1.0000 1.0000 1.0000 1.0000 1.0000 1.0000 1.0000 1.0000 1.0000 1.0000 1.0000 1.0000 1.0000 1.0000 1.0000 1.0000 1.0000 1.0000 1.0000 1.0000 1.0000 1.0000 

