1.0000 1.0000 1.0000 1.0000 1.0000 1.0000 1.0000 1.0000 1.0000 1.0000 1.0000 1.0000 
1.0000 0.9639 0.9279 0.8950 0.8704 0.8575 0.8575 0.8704 0.8950 0.9279 0.9639 1.0000 
1.0000 0.9279 0.8556 0.7901 0.7409 0.7152 0.7152 0.7409 0.7901 0.8556 0.9279 1.0000 
1.0000 0.8950 0.7901 0.6946 0.6232 0.5858 0.5858 0.6232 0.6946 0.7901 0.8950 1.0000 
1.0000 0.8704 0.7409 0.6232 0.5351 0.4890 0.4890 0.5351 0.6232 0.7409 0.8704 1.0000 
1.0000 0.8575 0.7152 0.5858 0.4890 0.4383 0.4383 0.4890 0.5858 0.7152 0.8575 1.0000 
1.0000 0.8575 0.7152 0.5858 0.4890 0.4383 0.4383 0.4890 0.5858 0.7152 0.8575 1.0000 
1.0000 0.8704 0.7409 0.6232 0.5351 0.4890 0.4890 0.5351 0.6232 0.7409 0.8704 1.0000 
1.0000 0.8950 0.7901 0.6946 0.6232 0.5858 0.5858 0.6232 0.6946 0.7901 0.8950 1.0000 
1.0000 0.9279 0.8556 0.7901 0.7409 0.7152 0.7152 0.7409 0.7901 0.8556 0.9279 1.0000 
1.0000 0.9639 0.9279 0.8950 0.8704 0.8575 0.8575 0.8704 0.8950 0.9279 0.9639 1.0000 
1.0000 1.0000 1.0000 1.0000 1.0000 1.0000 1.0000 1.0000 1.0000 1.0000 1.0000 1.0000 

1.0000 1.0000 1.0000 1.0000 1.0000 1.0000 1.0000 1.0000 1.0000 1.0000 1.0000 1.0000 1.0000 1.0000 1.0000 1.0000 1.0000 1.0000 1.0000 1.0000 1.0000 
1.0000 0.9801 0.9625 0.9477 0.9350 0.9238 0.9142 0.9063 0.9006 0.8970 0.8959 0.8970 0.9006 0.9063 0.9142 0.9238 0.9350 0.9477 0.9625 0.9801 1.0000 
1.0000 0.9625 0.9293 0.9015 0.8775 0.8565 0.8383 0.8236 0.8127 0.8062 0.8039 0.8062 0.8127 0.8236 0.8383 0.8565 0.8775 0.9015 0.9293 0.9625 1.0000 
1.0000 0.9477 0.9015 0.8627 0.8295 0.8002 0.7749 0.7543 0.7392 0.7300 0.7269 0.7300 0.7392 0.7543 0.7749 0.8002 0.8295 0.8627 0.9015 0.9477 1.0000 
1.0000 0.9350 0.8775 0.8295 0.7882 0.7519 0.7205 0.6950 0.6762 0.6648 0.6609 0.6648 0.6762 0.6950 0.7205 0.7519 0.7882 0.8295 0.8775 0.9350 1.0000 
1.0000 0.9238 0.8565 0.8002 0.7519 0.7093 0.6725 0.6426 0.6207 0.6072 0.6028 0.6072 0.6207 0.6426 0.6725 0.7093 0.7519 0.8002 0.8565 0.9238 1.0000 
1.0000 0.9142 0.8383 0.7749 0.7205 0.6725 0.6311 0.5974 0.5727 0.5576 0.5525 0.5576 0.5727 0.5974 0.6311 0.6725 0.7205 0.7749 0.8383 0.9142 1.0000 
1.0000 0.9063 0.8236 0.7543 0.6950 0.6426 0.5974 0.5607 0.5337 0.5172 0.5117 0.5172 0.5337 0.5607 0.5974 0.6426 0.6950 0.7543 0.8236 0.9063 1.0000 
1.0000 0.9006 0.8127 0.7392 0.6762 0.6207 0.5727 0.5337 0.5050 0.4876 0.4817 0.4876 0.5050 0.5337 0.5727 0.6207 0.6762 0.7392 0.8127 0.9006 1.0000 
1.0000 0.8970 0.8062 0.7300 0.6648 0.6072 0.5576 0.5172 0.4876 0.4694 0.4634 0.4694 0.4876 0.5172 0.5576 0.6072 0.6648 0.7300 0.8062 0.8970 1.0000 
1.0000 0.8959 0.8039 0.7269 0.6609 0.6028 0.5525 0.5117 0.4817 0.4634 0.4572 0.4634 0.4817 0.5117 0.5525 0.6028 0.6609 0.7269 0.8039 0.8959 1.0000 
1.0000 0.8970 0.8062 0.7300 0.6648 0.6072 0.5576 0.5172 0.4876 0.4694 0.4634 0.4694 0.4876 0.5172 0.5576 0.6072 0.6648 0.7300 0.8062 0.8970 1.0000 
1.0000 0.9006 0.8127 0.7392 0.6762 0.6207 0.5727 0.5337 0.5050 0.4876 0.4817 0.4876 0.5050 0.5337 0.5727 0.6207 0.6762 0.7392 0.8127 0.9006 1.0000 
1.0000 0.9063 0.8236 0.7543 0.6950 0.6426 0.5974 0.5607 0.5337 0.5172 0.5117 0.5172 0.5337 0.5607 0.5974 0.6426 0.6950 0.7543 0.8236 0.9063 1.0000 
1.0000 0.9142 0.8383 0.7749 0.7205 0.6725 0.6311 0.5974 0.5727 0.5576 0.5525 0.5576 0.5727 0.5974 0.6311 0.6725 0.7205 0.7749 0.8383 0.9142 1.0000 
1.0000 0.9238 0.8565 0.8002 0.7519 0.7093 0.6725 0.6426 0.6207 0.6072 0.6028 0.6072 0.6207 0.6426 0.6725 0.7093 0.7519 0.8002 0.8565 0.9238 1.0000 
1.0000 0.9350 0.8775 0.8295 0.7882 0.7519 0.7205 0.6950 0.6762 0.6648 0.6609 0.6648 0.6762 0.6950 0.7205 0.7519 0.7882 0.8295 0.8775 0.9350 1.0000 
1.0000 0.9477 0.9015 0.8627 0.8295 0.8002 0.7749 0.7543 0.7392 0.7300 0.7269 0.7300 0.7392 0.7543 0.7749 0.8002 0.8295 0.8627 0.9015 0.9477 1.0000 
1.0000 0.9625 0.9293 0.9015 0.8775 0.8565 0.8383 0.8236 0.8127 0.8062 0.8039 0.8062 0.8127 0.8236 0.8383 0.8565 0.8775 0.9015 0.9293 0.9625 1.0000 
1.0000 0.9801 0.9625 0.9477 0.9350 0.9238 0.9142 0.9063 0.9006 0.8970 0.8959 0.8970 0.9006 0.9063 0.9142 0.9238 0.9350 0.9477 0.9625 0.9801 1.0000 
1.0000 1.0000 1.0000 1.0000 1.0000 1.0000 1.0000 1.0000 1.0000 1.0000 1.0000 1.0000 1.0000 1.0000 1.0000 1.0000 1.0000 1.0000 1.0000 1.0000 1.0000 

1.0000 1.0000 1.0000 1.0000 1.0000 1.0000 1.0000 1.0000 1.0000 1.0000 1.0000 1.0000 1.0000 1.0000 1.0000 1.0000 1.0000 1.0000 1.0000 1.0000 1.0000 1.0000 1.0000 1.0000 1.0000 1.0000 1.0000 1.0000 1.0000 1.0000 1.0000 1.0000 1.0000 1.0000 1.0000 1.0000 1.0000 1.0000 1.0000 
1.0000 0.9899 0.9812 0.9741 0.9683 0.9631 0.9584 0.9540 0.9498 0.9460 0.9424 0.9392 0.9362 0.9336 0.9314 0.9296 0.9281 0.9271 0.9265 0.9262 0.9265 0.9271 0.9281 0.9296 0.9314 0.9336 0.9362 0.9392 0.9424 0.9460 0.9498 0.9540 0.9584 0.9631 0.9683 0.9741 0.9812 0.9899 1.0000 
1.0000 0.9812 0.9649 0.9519 0.9410 0.9314 0.9226 0.9143 0.9066 0.8995 0.8929 0.8868 0.8813 0.8765 0.8723 0.8689 0.8662 0.8643 0.8631 0.8627 0.8631 0.8643 0.8662 0.8689 0.8723 0.8765 0.8813 0.8868 0.8929 0.8995 0.9066 0.9143 0.9226 0.9314 0.9410 0.9519 0.9649 0.9812 1.0000 
1.0000 0.9741 0.9519 0.9340 0.9191 0.9059 0.8938 0.8825 0.8720 0.8622 0.8531 0.8448 0.8373 0.8307 0.8250 0.8203 0.8166 0.8140 0.8124 0.8118 0.8124 0.8140 0.8166 0.8203 0.8250 0.8307 0.8373 0.8448 0.8531 0.8622 0.8720 0.8825 0.8938 0.9059 0.9191 0.9340 0.9519 0.9741 1.0000 
1.0000 0.9683 0.9410 0.9191 0.9010 0.8849 0.8700 0.8562 0.8433 0.8313 0.8202 0.8100 0.8009 0.7928 0.7858 0.7801 0.7755 0.7723 0.7703 0.7697 0.7703 0.7723 0.7755 0.7801 0.7858 0.7928 0.8009 0.8100 0.8202 0.8313 0.8433 0.8562 0.8700 0.8849 0.9010 0.9191 0.9410 0.9683 1.0000 
1.0000 0.9631 0.9314 0.9059 0.8849 0.8661 0.8489 0.8329 0.8179 0.8039 0.7910 0.7792 0.7685 0.7591 0.7510 0.7443 0.7391 0.7353 0.7330 0.7323 0.7330 0.7353 0.7391 0.7443 0.7510 0.7591 0.7685 0.7792 0.7910 0.8039 0.8179 0.8329 0.8489 0.8661 0.8849 0.9059 0.9314 0.9631 1.0000 
1.0000 0.9584 0.9226 0.8938 0.8700 0.8489 0.8295 0.8114 0.7945 0.7787 0.7641 0.7508 0.7388 0.7281 0.7190 0.7115 0.7055 0.7013 0.6987 0.6978 0.6987 0.7013 0.7055 0.7115 0.7190 0.7281 0.7388 0.7508 0.7641 0.7787 0.7945 0.8114 0.8295 0.8489 0.8700 0.8938 0.9226 0.9584 1.0000 
1.0000 0.9540 0.9143 0.8825 0.8562 0.8329 0.8114 0.7913 0.7727 0.7553 0.7391 0.7244 0.7111 0.6993 0.6892 0.6809 0.6743 0.6696 0.6668 0.6658 0.6668 0.6696 0.6743 0.6809 0.6892 0.6993 0.7111 0.7244 0.7391 0.7553 0.7727 0.7913 0.8114 0.8329 0.8562 0.8825 0.9143 0.9540 1.0000 
1.0000 0.9498 0.9066 0.8720 0.8433 0.8179 0.7945 0.7727 0.7523 0.7334 0.7158 0.6997 0.6852 0.6724 0.6614 0.6523 0.6452 0.6400 0.6369 0.6359 0.6369 0.6400 0.6452 0.6523 0.6614 0.6724 0.6852 0.6997 0.7158 0.7334 0.7523 0.7727 0.7945 0.8179 0.8433 0.8720 0.9066 0.9498 1.0000 
1.0000 0.9460 0.8995 0.8622 0.8313 0.8039 0.7787 0.7553 0.7334 0.7129 0.6940 0.6767 0.6611 0.6473 0.6355 0.6257 0.6180 0.6125 0.6092 0.6080 0.6092 0.6125 0.6180 0.6257 0.6355 0.6473 0.6611 0.6767 0.6940 0.7129 0.7334 0.7553 0.7787 0.8039 0.8313 0.8622 0.8995 0.9460 1.0000 
1.0000 0.9424 0.8929 0.8531 0.8202 0.7910 0.7641 0.7391 0.7158 0.6940 0.6739 0.6554 0.6388 0.6241 0.6115 0.6011 0.5929 0.5870 0.5834 0.5822 0.5834 0.5870 0.5929 0.6011 0.6115 0.6241 0.6388 0.6554 0.6739 0.6940 0.7158 0.7391 0.7641 0.7910 0.8202 0.8531 0.8929 0.9424 1.0000 
1.0000 0.9392 0.8868 0.8448 0.8100 0.7792 0.7508 0.7244 0.6997 0.6767 0.6554 0.6359 0.6183 0.6028 0.5895 0.5785 0.5698 0.5636 0.5598 0.5586 0.5598 0.5636 0.5698 0.5785 0.5895 0.6028 0.6183 0.6359 0.6554 0.6767 0.6997 0.7244 0.7508 0.7792 0.8100 0.8448 0.8868 0.9392 1.0000 
1.0000 0.9362 0.8813 0.8373 0.8009 0.7685 0.7388 0.7111 0.6852 0.6611 0.6388 0.6183 0.5999 0.5837 0.5697 0.5581 0.5491 0.5425 0.5386 0.5373 0.5386 0.5425 0.5491 0.5581 0.5697 0.5837 0.5999 0.6183 0.6388 0.6611 0.6852 0.7111 0.7388 0.7685 0.8009 0.8373 0.8813 0.9362 1.0000 
1.0000 0.9336 0.8765 0.8307 0.7928 0.7591 0.7281 0.6993 0.6724 0.6473 0.6241 0.6028 0.5837 0.5668 0.5522 0.5402 0.5307 0.5239 0.5199 0.5185 0.5199 0.5239 0.5307 0.5402 0.5522 0.5668 0.5837 0.6028 0.6241 0.6473 0.6724 0.6993 0.7281 0.7591 0.7928 0.8307 0.8765 0.9336 1.0000 
1.0000 0.9314 0.8723 0.8250 0.7858 0.7510 0.7190 0.6892 0.6614 0.6355 0.6115 0.5895 0.5697 0.5522 0.5372 0.5248 0.5150 0.5080 0.5037 0.5023 0.5037 0.5080 0.5150 0.5248 0.5372 0.5522 0.5697 0.5895 0.6115 0.6355 0.6614 0.6892 0.7190 0.7510 0.7858 0.8250 0.8723 0.9314 1.0000 
1.0000 0.9296 0.8689 0.8203 0.7801 0.7443 0.7115 0.6809 0.6523 0.6257 0.6011 0.5785 0.5581 0.5402 0.5248 0.5120 0.5020 0.4948 0.4904 0.4890 0.4904 0.4948 0.5020 0.5120 0.5248 0.5402 0.5581 0.5785 0.6011 0.6257 0.6523 0.6809 0.7115 0.7443 0.7801 0.8203 0.8689 0.9296 1.0000 
1.0000 0.9281 0.8662 0.8166 0.7755 0.7391 0.7055 0.6743 0.6452 0.6180 0.5929 0.5698 0.5491 0.5307 0.5150 0.5020 0.4917 0.4844 0.4799 0.4785 0.4799 0.4844 0.4917 0.5020 0.5150 0.5307 0.5491 0.5698 0.5929 0.6180 0.6452 0.6743 0.7055 0.7391 0.7755 0.8166 0.8662 0.9281 1.0000 
1.0000 0.9271 0.8643 0.8140 0.7723 0.7353 0.7013 0.6696 0.6400 0.6125 0.5870 0.5636 0.5425 0.5239 0.5080 0.4948 0.4844 0.4769 0.4724 0.4709 0.4724 0.4769 0.4844 0.4948 0.5080 0.5239 0.5425 0.5636 0.5870 0.6125 0.6400 0.6696 0.7013 0.7353 0.7723 0.8140 0.8643 0.9271 1.0000 
1.0000 0.9265 0.8631 0.8124 0.7703 0.7330 0.6987 0.6668 0.6369 0.6092 0.5834 0.5598 0.5386 0.5199 0.5037 0.4904 0.4799 0.4724 0.4679 0.4664 0.4679 0.4724 0.4799 0.4904 0.5037 0.5199 0.5386 0.5598 0.5834 0.6092 0.6369 0.6668 0.6987 0.7330 0.7703 0.8124 0.8631 0.9265 1.0000 
1.0000 0.9262 0.8627 0.8118 0.7697 0.7323 0.6978 0.6658 0.6359 0.6080 0.5822 0.5586 0.5373 0.5185 0.5023 0.4890 0.4785 0.4709 0.4664 0.4648 0.4664 0.4709 0.4785 0.4890 0.5023 0.5185 0.5373 0.5586 0.5822 0.6080 0.6359 0.6658 0.6978 0.7323 0.7697 0.8118 0.8627 0.9262 1.0000 
1.0000 0.9265 0.8631 0.8124 0.7703 0.7330 0.6987 0.6668 0.6369 0.6092 0.5834 0.5598 0.5386 0.5199 0.5037 0.4904 0.4799 0.4724 0.4679 0.4664 0.4679 0.4724 0.4799 0.4904 0.5037 0.5199 0.5386 0.5598 0.5834 0.6092 0.6369 0.6668 0.6987 0.7330 0.7703 0.8124 0.8631 0.9265 1.0000 
1.0000 0.9271 0.8643 0.8140 0.7723 0.7353 0.7013 0.6696 0.6400 0.6125 0.5870 0.5636 0.5425 0.5239 0.5080 0.4948 0.4844 0.4769 0.4724 0.4709 0.4724 0.4769 0.4844 0.4948 0.5080 0.5239 0.5425 0.5636 0.5870 0.6125 0.6400 0.6696 0.7013 0.7353 0.7723 0.8140 0.8643 0.9271 1.0000 
1.0000 0.9281 0.8662 0.8166 0.7755 0.7391 0.7055 0.6743 0.6452 0.6180 0.5929 0.5698 0.5491 0.5307 0.5150 0.5020 0.4917 0.4844 0.4799 0.4785 0.4799 0.4844 0.4917 0.5020 0.5150 0.5307 0.5491 0.5698 0.5929 0.6180 0.6452 0.6743 0.7055 0.7391 0.7755 0.8166 0.8662 0.9281 1.0000 
1.0000 0.9296 0.8689 0.8203 0.7801 0.7443 0.7115 0.6809 0.6523 0.6257 0.6011 0.5785 0.5581 0.5402 0.5248 0.5120 0.5020 0.4948 0.4904 0.4890 0.4904 0.4948 0.5020 0.5120 0.5248 0.5402 0.5581 0.5785 0.6011 0.6257 0.6523 0.6809 0.7115 0.7443 0.7801 0.8203 0.8689 0.9296 1.0000 
1.0000 0.9314 0.8723 0.8250 0.7858 0.7510 0.7190 0.6892 0.6614 0.6355 0.6115 0.5895 0.5697 0.5522 0.5372 0.5248 0.5150 0.5080 0.5037 0.5023 0.5037 0.5080 0.5150 0.5248 0.5372 0.5522 0.5697 0.5895 0.6115 0.6355 0.6614 0.6892 0.7190 0.7510 0.7858 0.8250 0.8723 0.9314 1.0000 
1.0000 0.9336 0.8765 0.8307 0.7928 0.7591 0.7281 0.6993 0.6724 0.6473 0.6241 0.6028 0.5837 0.5668 0.5522 0.5402 0.5307 0.5239 0.5199 0.5185 0.5199 0.5239 0.5307 0.5402 0.5522 0.5668 0.5837 0.6028 0.6241 0.6473 0.6724 0.6993 0.7281 0.7591 0.7928 0.8307 0.8765 0.9336 1.0000 
1.0000 0.9362 0.8813 0.8373 0.8009 0.7685 0.7388 0.7111 0.6852 0.6611 0.6388 0.6183 0.5999 0.5837 0.5697 0.5581 0.5491 0.5425 0.5386 0.5373 0.5386 0.5425 0.5491 0.5581 0.5697 0.5837 0.5999 0.6183 0.6388 0.6611 0.6852 0.7111 0.7388 0.7685 0.8009 0.8373 0.8813 0.9362 1.0000 
1.0000 0.9392 0.8868 0.8448 0.8100 0.7792 0.7508 0.7244 0.6997 0.6767 0.6554 0.6359 0.6183 0.6028 0.5895 0.5785 0.5698 0.5636 0.5598 0.5586 0.5598 0.5636 0.5698 0.5785 0.5895 0.6028 0.6183 0.6359 0.6554 0.6767 0.6997 0.7244 0.7508 0.7792 0.8100 0.8448 0.8868 0.9392 1.0000 
1.0000 0.9424 0.8929 0.8531 0.8202 0.7910 0.7641 0.7391 0.7158 0.6940 0.6739 0.6554 0.6388 0.6241 0.6115 0.6011 0.5929 0.5870 0.5834 0.5822 0.5834 0.5870 0.5929 0.6011 0.6115 0.6241 0.6388 0.6554 0.6739 0.6940 0.7158 0.7391 0.7641 0.7910 0.8202 0.8531 0.8929 0.9424 1.0000 
1.0000 0.9460 0.8995 0.8622 0.8313 0.8039 0.7787 0.7553 0.7334 0.7129 0.6940 0.6767 0.6611 0.6473 0.6355 0.6257 0.6180 0.6125 0.6092 0.6080 0.6092 0.6125 0.6180 0.6257 0.6355 0.6473 0.6611 0.6767 0.6940 0.7129 0.7334 0.7553 0.7787 0.8039 0.8313 0.8622 0.8995 0.9460 1.0000 
1.0000 0.9498 0.9066 0.8720 0.8433 0.8179 0.7945 0.7727 0.7523 0.7334 0.7158 0.6997 0.6852 0.6724 0.6614 0.6523 0.6452 0.6400 0.6369 0.6359 0.6369 0.6400 0.6452 0.6523 0.6614 0.6724 0.6852 0.6997 0.7158 0.7334 0.7523 0.7727 0.7945 0.8179 0.8433 0.8720 0.9066 0.9498 1.0000 
1.0000 0.9540 0.9143 0.8825 0.8562 0.8329 0.8114 0.7913 0.7727 0.7553 0.7391 0.7244 0.7111 0.6993 0.6892 0.6809 0.6743 0.6696 0.6668 0.6658 0.6668 0.6696 0.6743 0.6809 0.6892 0.6993 0.7111 0.7244 0.7391 0.7553 0.7727 0.7913 0.8114 0.8329 0.8562 0.8825 0.9143 0.9540 1.0000 
1.0000 0.9584 0.9226 0.8938 0.8700 0.8489 0.8295 0.8114 0.7945 0.7787 0.7641 0.7508 0.7388 0.7281 0.7190 0.7115 0.7055 0.7013 0.6987 0.6978 0.6987 0.7013 0.7055 0.7115 0.7190 0.7281 0.7388 0.7508 0.7641 0.7787 0.7945 0.8114 0.8295 0.8489 0.8700 0.8938 0.9226 0.9584 1.0000 
1.0000 0.9631 0.9314 0.9059 0.8849 0.8661 0.8489 0.8329 0.8179 0.8039 0.7910 0.7792 0.7685 0.7591 0.7510 0.7443 0.7391 0.7353 0.7330 0.7323 0.7330 0.7353 0.7391 0.7443 0.7510 0.7591 0.7685 0.7792 0.7910 0.8039 0.8179 0.8329 0.8489 0.8661 0.8849 0.9059 0.9314 0.9631 1.0000 
1.0000 0.9683 0.9410 0.9191 0.9010 0.8849 0.8700 0.8562 0.8433 0.8313 0.8202 0.8100 0.8009 0.7928 0.7858 0.7801 0.7755 0.7723 0.7703 0.7697 0.7703 0.7723 0.7755 0.7801 0.7858 0.7928 0.8009 0.8100 0.8202 0.8313 0.8433 0.8562 0.8700 0.8849 0.9010 0.9191 0.9410 0.9683 1.0000 
1.0000 0.9741 0.9519 0.9340 0.9191 0.9059 0.8938 0.8825 0.8720 0.8622 0.8531 0.8448 0.8373 0.8307 0.8250 0.8203 0.8166 0.8140 0.8124 0.8118 0.8124 0.8140 0.8166 0.8203 0.8250 0.8307 0.8373 0.8448 0.8531 0.8622 0.8720 0.8825 0.8938 0.9059 0.9191 0.9340 0.9519 0.9741 1.0000 
1.0000 0.9812 0.9649 0.9519 0.9410 0.9314 0.9226 0.9143 0.9066 0.8995 0.8929 0.8868 0.8813 0.8765 0.8723 0.8689 0.8662 0.8643 0.8631 0.8627 0.8631 0.8643 0.8662 0.8689 0.8723 0.8765 0.8813 0.8868 0.8929 0.8995 0.9066 0.9143 0.9226 0.9314 0.9410 0.9519 0.9649 0.9812 1.0000 
1.0000 0.9899 0.9812 0.9741 0.9683 0.9631 0.9584 0.9540 0.9498 0.9460 0.9424 0.9392 0.9362 0.9336 0.9314 0.9296 0.9281 0.9271 0.9265 0.9262 0.9265 0.9271 0.9281 0.9296 0.9314 0.9336 0.9362 0.9392 0.9424 0.9460 0.9498 0.9540 0.9584 0.9631 0.9683 0.9741 0.9812 0.9899 1.0000 
1.0000 1.0000 1.0000 1.0000 1.0000 1.0000 1.0000 1.0000 1.0000 1.0000 1.0000 1.0000 1.0000 1.0000 1.0000 1.0000 1.0000 1.0000 1.0000 1.0000 1.0000 1.0000 1.0000 1.0000 1.0000 1.0000 1.0000 1.0000 1.0000 1.0000 1.0000 1.0000 1.0000 1.0000 1.0000 1.0000 1.0000 1.0000 1.0000 

1.0000 1.0000 1.0000 1.0000 1.0000 1.0000 1.0000 1.0000 1.0000 1.0000 1.0000 1.0000 1.0000 1.0000 1.0000 1.0000 1.0000 1.0000 1.0000 1.0000 1.0000 1.0000 1.0000 1.0000 1.0000 1.0000 1.0000 1.0000 1.0000 1.0000 1.0000 1.0000 1.0000 1.0000 1.0000 1.0000 1.0000 1.0000 1.0000 1.0000 1.0000 1.0000 1.0000 1.0000 1.0000 1.0000 1.0000 1.0000 1.0000 1.0000 1.0000 1.0000 1.0000 1.0000 1.0000 1.0000 1.0000 1.0000 1.0000 1.0000 1.0000 1.0000 1.0000 1.0000 1.0000 1.0000 1.0000 1.0000 1.0000 1.0000 1.0000 1.0000 1.0000 1.0000 1.0000 
1.0000 0.9950 0.9907 0.9872 0.9844 0.9820 0.9798 0.9777 0.9758 0.9740 0.9723 0.9706 0.9690 0.9675 0.9660 0.9646 0.9632 0.9619 0.9606 0.9593 0.9582 0.9570 0.9560 0.9550 0.9540 0.9531 0.9523 0.9516 0.9509 0.9503 0.9497 0.9492 0.9488 0.9485 0.9482 0.9481 0.9480 0.9479 0.9480 0.9481 0.9482 0.9485 0.9488 0.9492 0.9497 0.9503 0.9509 0.9516 0.9523 0.9531 0.9540 0.9550 0.9560 0.9570 0.9582 0.9593 0.9606 0.9619 0.9632 0.9646 0.9660 0.9675 0.9690 0.9706 0.9723 0.9740 0.9758 0.9777 0.9798 0.9820 0.9844 0.9872 0.9907 0.9950 1.0000 
1.0000 0.9907 0.9826 0.9763 0.9711 0.9666 0.9625 0.9587 0.9552 0.9518 0.9486 0.9455 0.9426 0.9397 0.9370 0.9343 0.9317 0.9292 0.9269 0.9246 0.9224 0.9203 0.9183 0.9165 0.9147 0.9131 0.9115 0.9102 0.9089 0.9077 0.9067 0.9058 0.9051 0.9045 0.9040 0.9037 0.9035 0.9034 0.9035 0.9037 0.9040 0.9045 0.9051 0.9058 0.9067 0.9077 0.9089 0.9102 0.9115 0.9131 0.9147 0.9165 0.9183 0.9203 0.9224 0.9246 0.9269 0.9292 0.9317 0.9343 0.9370 0.9397 0.9426 0.9455 0.9486 0.9518 0.9552 0.9587 0.9625 0.9666 0.9711 0.9763 0.9826 0.9907 1.0000 
1.0000 0.9872 0.9763 0.9676 0.9605 0.9544 0.9488 0.9437 0.9388 0.9343 0.9299 0.9257 0.9217 0.9178 0.9140 0.9104 0.9069 0.9035 0.9002 0.8971 0.8942 0.8913 0.8886 0.8861 0.8837 0.8814 0.8794 0.8775 0.8757 0.8742 0.8728 0.8716 0.8706 0.8697 0.8691 0.8686 0.8683 0.8682 0.8683 0.8686 0.8691 0.8697 0.8706 0.8716 0.8728 0.8742 0.8757 0.8775 0.8794 0.8814 0.8837 0.8861 0.8886 0.8913 0.8942 0.8971 0.9002 0.9035 0.9069 0.9104 0.9140 0.9178 0.9217 0.9257 0.9299 0.9343 0.9388 0.9437 0.9488 0.9544 0.9605 0.9676 0.9763 0.9872 1.0000 
1.0000 0.9844 0.9711 0.9605 0.9519 0.9445 0.9377 0.9314 0.9256 0.9200 0.9147 0.9096 0.9047 0.9000 0.8954 0.8910 0.8867 0.8826 0.8787 0.8749 0.8712 0.8678 0.8645 0.8614 0.8585 0.8558 0.8532 0.8509 0.8488 0.8469 0.8452 0.8438 0.8425 0.8415 0.8407 0.8402 0.8398 0.8397 0.8398 0.8402 0.8407 0.8415 0.8425 0.8438 0.8452 0.8469 0.8488 0.8509 0.8532 0.8558 0.8585 0.8614 0.8645 0.8678 0.8712 0.8749 0.8787 0.8826 0.8867 0.8910 0.8954 0.9000 0.9047 0.9096 0.9147 0.9200 0.9256 0.9314 0.9377 0.9445 0.9519 0.9605 0.9711 0.9844 1.0000 
1.0000 0.9820 0.9666 0.9544 0.9445 0.9359 0.9280 0.9208 0.9141 0.9076 0.9015 0.8956 0.8900 0.8845 0.8792 0.8741 0.8692 0.8644 0.8599 0.8555 0.8513 0.8473 0.8435 0.8399 0.8366 0.8334 0.8305 0.8279 0.8254 0.8232 0.8213 0.8196 0.8182 0.8170 0.8161 0.8154 0.8150 0.8149 0.8150 0.8154 0.8161 0.8170 0.8182 0.8196 0.8213 0.8232 0.8254 0.8279 0.8305 0.8334 0.8366 0.8399 0.8435 0.8473 0.8513 0.8555 0.8599 0.8644 0.8692 0.8741 0.8792 0.8845 0.8900 0.8956 0.9015 0.9076 0.9141 0.9208 0.9280 0.9359 0.9445 0.9544 0.9666 0.9820 1.0000 
1.0000 0.9798 0.9625 0.9488 0.9377 0.9280 0.9193 0.9112 0.9036 0.8964 0.8895 0.8829 0.8766 0.8704 0.8645 0.8588 0.8533 0.8480 0.8428 0.8379 0.8332 0.8288 0.8245 0.8205 0.8167 0.8132 0.8099 0.8069 0.8042 0.8018 0.7996 0.7977 0.7961 0.7948 0.7937 0.7930 0.7925 0.7924 0.7925 0.7930 0.7937 0.7948 0.7961 0.7977 0.7996 0.8018 0.8042 0.8069 0.8099 0.8132 0.8167 0.8205 0.8245 0.8288 0.8332 0.8379 0.8428 0.8480 0.8533 0.8588 0.8645 0.8704 0.8766 0.8829 0.8895 0.8964 0.9036 0.9112 0.9193 0.9280 0.9377 0.9488 0.9625 0.9798 1.0000 
1.0000 0.9777 0.9587 0.9437 0.9314 0.9208 0.9112 0.9023 0.8939 0.8860 0.8785 0.8712 0.8642 0.8575 0.8509 0.8447 0.8386 0.8327 0.8271 0.8217 0.8165 0.8116 0.8069 0.8025 0.7984 0.7945 0.7909 0.7876 0.7846 0.7819 0.7795 0.7774 0.7757 0.7742 0.7731 0.7723 0.7718 0.7716 0.7718 0.7723 0.7731 0.7742 0.7757 0.7774 0.7795 0.7819 0.7846 0.7876 0.7909 0.7945 0.7984 0.8025 0.8069 0.8116 0.8165 0.8217 0.8271 0.8327 0.8386 0.8447 0.8509 0.8575 0.8642 0.8712 0.8785 0.8860 0.8939 0.9023 0.9112 0.9208 0.9314 0.9437 0.9587 0.9777 1.0000 
1.0000 0.9758 0.9552 0.9388 0.9256 0.9141 0.9036 0.8939 0.8849 0.8763 0.8681 0.8602 0.8526 0.8453 0.8382 0.8314 0.8248 0.8185 0.8124 0.8065 0.8009 0.7956 0.7905 0.7857 0.7812 0.7770 0.7731 0.7695 0.7663 0.7633 0.7607 0.7585 0.7565 0.7550 0.7537 0.7529 0.7523 0.7522 0.7523 0.7529 0.7537 0.7550 0.7565 0.7585 0.7607 0.7633 0.7663 0.7695 0.7731 0.7770 0.7812 0.7857 0.7905 0.7956 0.8009 0.8065 0.8124 0.8185 0.8248 0.8314 0.8382 0.8453 0.8526 0.8602 0.8681 0.8763 0.8849 0.8939 0.9036 0.9141 0.9256 0.9388 0.9552 0.9758 1.0000 
1.0000 0.9740 0.9518 0.9343 0.9200 0.9076 0.8964 0.8860 0.8763 0.8671 0.8583 0.8498 0.8417 0.8338 0.8262 0.8189 0.8118 0.8050 0.7984 0.7921 0.7861 0.7803 0.7749 0.7697 0.7649 0.7604 0.7562 0.7524 0.7489 0.7457 0.7429 0.7405 0.7384 0.7367 0.7354 0.7345 0.7339 0.7337 0.7339 0.7345 0.7354 0.7367 0.7384 0.7405 0.7429 0.7457 0.7489 0.7524 0.7562 0.7604 0.7649 0.7697 0.7749 0.7803 0.7861 0.7921 0.7984 0.8050 0.8118 0.8189 0.8262 0.8338 0.8417 0.8498 0.8583 0.8671 0.8763 0.8860 0.8964 0.9076 0.9200 0.9343 0.9518 0.9740 1.0000 
1.0000 0.9723 0.9486 0.9299 0.9147 0.9015 0.8895 0.8785 0.8681 0.8583 0.8489 0.8399 0.8312 0.8228 0.8147 0.8069 0.7993 0.7920 0.7851 0.7783 0.7719 0.7658 0.7600 0.7545 0.7493 0.7445 0.7401 0.7360 0.7322 0.7289 0.7259 0.7233 0.7211 0.7193 0.7179 0.7169 0.7163 0.7161 0.7163 0.7169 0.7179 0.7193 0.7211 0.7233 0.7259 0.7289 0.7322 0.7360 0.7401 0.7445 0.7493 0.7545 0.7600 0.7658 0.7719 0.7783 0.7851 0.7920 0.7993 0.8069 0.8147 0.8228 0.8312 0.8399 0.8489 0.8583 0.8681 0.8785 0.8895 0.9015 0.9147 0.9299 0.9486 0.9723 1.0000 
1.0000 0.9706 0.9455 0.9257 0.9096 0.8956 0.8829 0.8712 0.8602 0.8498 0.8399 0.8303 0.8211 0.8122 0.8036 0.7953 0.7873 0.7796 0.7722 0.7651 0.7583 0.7518 0.7457 0.7399 0.7344 0.7293 0.7246 0.7202 0.7162 0.7127 0.7095 0.7068 0.7045 0.7025 0.7011 0.7000 0.6993 0.6991 0.6993 0.7000 0.7011 0.7025 0.7045 0.7068 0.7095 0.7127 0.7162 0.7202 0.7246 0.7293 0.7344 0.7399 0.7457 0.7518 0.7583 0.7651 0.7722 0.7796 0.7873 0.7953 0.8036 0.8122 0.8211 0.8303 0.8399 0.8498 0.8602 0.8712 0.8829 0.8956 0.9096 0.9257 0.9455 0.9706 1.0000 
1.0000 0.9690 0.9426 0.9217 0.9047 0.8900 0.8766 0.8642 0.8526 0.8417 0.8312 0.8211 0.8114 0.8020 0.7930 0.7842 0.7758 0.7677 0.7599 0.7524 0.7452 0.7384 0.7319 0.7257 0.7200 0.7146 0.7096 0.7050 0.7009 0.6971 0.6938 0.6909 0.6884 0.6864 0.6848 0.6837 0.6830 0.6828 0.6830 0.6837 0.6848 0.6864 0.6884 0.6909 0.6938 0.6971 0.7009 0.7050 0.7096 0.7146 0.7200 0.7257 0.7319 0.7384 0.7452 0.7524 0.7599 0.7677 0.7758 0.7842 0.7930 0.8020 0.8114 0.8211 0.8312 0.8417 0.8526 0.8642 0.8766 0.8900 0.9047 0.9217 0.9426 0.9690 1.0000 
1.0000 0.9675 0.9397 0.9178 0.9000 0.8845 0.8704 0.8575 0.8453 0.8338 0.8228 0.8122 0.8020 0.7922 0.7827 0.7735 0.7647 0.7562 0.7480 0.7401 0.7326 0.7254 0.7186 0.7121 0.7061 0.7004 0.6952 0.6904 0.6860 0.6821 0.6786 0.6755 0.6730 0.6708 0.6692 0.6680 0.6673 0.6671 0.6673 0.6680 0.6692 0.6708 0.6730 0.6755 0.6786 0.6821 0.6860 0.6904 0.6952 0.7004 0.7061 0.7121 0.7186 0.7254 0.7326 0.7401 0.7480 0.7562 0.7647 0.7735 0.7827 0.7922 0.8020 0.8122 0.8228 0.8338 0.8453 0.8575 0.8704 0.8845 0.9000 0.9178 0.9397 0.9675 1.0000 
1.0000 0.9660 0.9370 0.9140 0.8954 0.8792 0.8645 0.8509 0.8382 0.8262 0.8147 0.8036 0.7930 0.7827 0.7728 0.7632 0.7539 0.7450 0.7364 0.7282 0.7203 0.7128 0.7057 0.6990 0.6927 0.6868 0.6813 0.6763 0.6717 0.6676 0.6639 0.6607 0.6580 0.6558 0.6541 0.6529 0.6521 0.6519 0.6521 0.6529 0.6541 0.6558 0.6580 0.6607 0.6639 0.6676 0.6717 0.6763 0.6813 0.6868 0.6927 0.6990 0.7057 0.7128 0.7203 0.7282 0.7364 0.7450 0.7539 0.7632 0.7728 0.7827 0.7930 0.8036 0.8147 0.8262 0.8382 0.8509 0.8645 0.8792 0.8954 0.9140 0.9370 0.9660 1.0000 
1.0000 0.9646 0.9343 0.9104 0.8910 0.8741 0.8588 0.8447 0.8314 0.8189 0.8069 0.7953 0.7842 0.7735 0.7632 0.7532 0.7436 0.7343 0.7253 0.7167 0.7085 0.7007 0.6933 0.6863 0.6797 0.6735 0.6678 0.6626 0.6578 0.6535 0.6497 0.6464 0.6436 0.6413 0.6395 0.6382 0.6375 0.6372 0.6375 0.6382 0.6395 0.6413 0.6436 0.6464 0.6497 0.6535 0.6578 0.6626 0.6678 0.6735 0.6797 0.6863 0.6933 0.7007 0.7085 0.7167 0.7253 0.7343 0.7436 0.7532 0.7632 0.7735 0.7842 0.7953 0.8069 0.8189 0.8314 0.8447 0.8588 0.8741 0.8910 0.9104 0.9343 0.9646 1.0000 
1.0000 0.9632 0.9317 0.9069 0.8867 0.8692 0.8533 0.8386 0.8248 0.8118 0.7993 0.7873 0.7758 0.7647 0.7539 0.7436 0.7335 0.7239 0.7146 0.7057 0.6972 0.6890 0.6813 0.6740 0.6672 0.6608 0.6549 0.6494 0.6445 0.6400 0.6361 0.6326 0.6297 0.6273 0.6254 0.6241 0.6233 0.6230 0.6233 0.6241 0.6254 0.6273 0.6297 0.6326 0.6361 0.6400 0.6445 0.6494 0.6549 0.6608 0.6672 0.6740 0.6813 0.6890 0.6972 0.7057 0.7146 0.7239 0.7335 0.7436 0.7539 0.7647 0.7758 0.7873 0.7993 0.8118 0.8248 0.8386 0.8533 0.8692 0.8867 0.9069 0.9317 0.9632 1.0000 
1.0000 0.9619 0.9292 0.9035 0.8826 0.8644 0.8480 0.8327 0.8185 0.8050 0.7920 0.7796 0.7677 0.7562 0.7450 0.7343 0.7239 0.7139 0.7043 0.6950 0.6862 0.6778 0.6698 0.6622 0.6551 0.6485 0.6424 0.6367 0.6316 0.6270 0.6229 0.6193 0.6163 0.6138 0.6119 0.6105 0.6097 0.6094 0.6097 0.6105 0.6119 0.6138 0.6163 0.6193 0.6229 0.6270 0.6316 0.6367 0.6424 0.6485 0.6551 0.6622 0.6698 0.6778 0.6862 0.6950 0.7043 0.7139 0.7239 0.7343 0.7450 0.7562 0.7677 0.7796 0.7920 0.8050 0.8185 0.8327 0.8480 0.8644 0.8826 0.9035 0.9292 0.9619 1.0000 
1.0000 0.9606 0.9269 0.9002 0.8787 0.8599 0.8428 0.8271 0.8124 0.7984 0.7851 0.7722 0.7599 0.7480 0.7364 0.7253 0.7146 0.7043 0.6943 0.6848 0.6756 0.6669 0.6587 0.6509 0.6435 0.6367 0.6304 0.6245 0.6192 0.6144 0.6102 0.6065 0.6034 0.6008 0.5988 0.5974 0.5965 0.5963 0.5965 0.5974 0.5988 0.6008 0.6034 0.6065 0.6102 0.6144 0.6192 0.6245 0.6304 0.6367 0.6435 0.6509 0.6587 0.6669 0.6756 0.6848 0.6943 0.7043 0.7146 0.7253 0.7364 0.7480 0.7599 0.7722 0.7851 0.7984 0.8124 0.8271 0.8428 0.8599 0.8787 0.9002 0.9269 0.9606 1.0000 
1.0000 0.9593 0.9246 0.8971 0.8749 0.8555 0.8379 0.8217 0.8065 0.7921 0.7783 0.7651 0.7524 0.7401 0.7282 0.7167 0.7057 0.6950 0.6848 0.6749 0.6655 0.6565 0.6480 0.6400 0.6324 0.6254 0.6188 0.6128 0.6073 0.6024 0.5980 0.5942 0.5910 0.5884 0.5863 0.5848 0.5839 0.5837 0.5839 0.5848 0.5863 0.5884 0.5910 0.5942 0.5980 0.6024 0.6073 0.6128 0.6188 0.6254 0.6324 0.6400 0.6480 0.6565 0.6655 0.6749 0.6848 0.6950 0.7057 0.7167 0.7282 0.7401 0.7524 0.7651 0.7783 0.7921 0.8065 0.8217 0.8379 0.8555 0.8749 0.8971 0.9246 0.9593 1.0000 
1.0000 0.9582 0.9224 0.8942 0.8712 0.8513 0.8332 0.8165 0.8009 0.7861 0.7719 0.7583 0.7452 0.7326 0.7203 0.7085 0.6972 0.6862 0.6756 0.6655 0.6558 0.6466 0.6378 0.6296 0.6218 0.6145 0.6078 0.6016 0.5960 0.5909 0.5864 0.5825 0.5792 0.5765 0.5743 0.5728 0.5719 0.5716 0.5719 0.5728 0.5743 0.5765 0.5792 0.5825 0.5864 0.5909 0.5960 0.6016 0.6078 0.6145 0.6218 0.6296 0.6378 0.6466 0.6558 0.6655 0.6756 0.6862 0.6972 0.7085 0.7203 0.7326 0.7452 0.7583 0.7719 0.7861 0.8009 0.8165 0.8332 0.8513 0.8712 0.8942 0.9224 0.9582 1.0000 
1.0000 0.9570 0.9203 0.8913 0.8678 0.8473 0.8288 0.8116 0.7956 0.7803 0.7658 0.7518 0.7384 0.7254 0.7128 0.7007 0.6890 0.6778 0.6669 0.6565 0.6466 0.6371 0.6281 0.6196 0.6116 0.6042 0.5973 0.5909 0.5851 0.5799 0.5753 0.5713 0.5679 0.5651 0.5629 0.5614 0.5604 0.5601 0.5604 0.5614 0.5629 0.5651 0.5679 0.5713 0.5753 0.5799 0.5851 0.5909 0.5973 0.6042 0.6116 0.6196 0.6281 0.6371 0.6466 0.6565 0.6669 0.6778 0.6890 0.7007 0.7128 0.7254 0.7384 0.7518 0.7658 0.7803 0.7956 0.8116 0.8288 0.8473 0.8678 0.8913 0.9203 0.9570 1.0000 
1.0000 0.9560 0.9183 0.8886 0.8645 0.8435 0.8245 0.8069 0.7905 0.7749 0.7600 0.7457 0.7319 0.7186 0.7057 0.6933 0.6813 0.6698 0.6587 0.6480 0.6378 0.6281 0.6189 0.6102 0.6020 0.5944 0.5873 0.5808 0.5748 0.5695 0.5648 0.5607 0.5572 0.5543 0.5521 0.5505 0.5495 0.5492 0.5495 0.5505 0.5521 0.5543 0.5572 0.5607 0.5648 0.5695 0.5748 0.5808 0.5873 0.5944 0.6020 0.6102 0.6189 0.6281 0.6378 0.6480 0.6587 0.6698 0.6813 0.6933 0.7057 0.7186 0.7319 0.7457 0.7600 0.7749 0.7905 0.8069 0.8245 0.8435 0.8645 0.8886 0.9183 0.9560 1.0000 
1.0000 0.9550 0.9165 0.8861 0.8614 0.8399 0.8205 0.8025 0.7857 0.7697 0.7545 0.7399 0.7257 0.7121 0.6990 0.6863 0.6740 0.6622 0.6509 0.6400 0.6296 0.6196 0.6102 0.6013 0.5929 0.5851 0.5778 0.5712 0.5651 0.5597 0.5548 0.5506 0.5470 0.5441 0.5418 0.5402 0.5392 0.5389 0.5392 0.5402 0.5418 0.5441 0.5470 0.5506 0.5548 0.5597 0.5651 0.5712 0.5778 0.5851 0.5929 0.6013 0.6102 0.6196 0.6296 0.6400 0.6509 0.6622 0.6740 0.6863 0.6990 0.7121 0.7257 0.7399 0.7545 0.7697 0.7857 0.8025 0.8205 0.8399 0.8614 0.8861 0.9165 0.9550 1.0000 
1.0000 0.9540 0.9147 0.8837 0.8585 0.8366 0.8167 0.7984 0.7812 0.7649 0.7493 0.7344 0.7200 0.7061 0.6927 0.6797 0.6672 0.6551 0.6435 0.6324 0.6218 0.6116 0.6020 0.5929 0.5844 0.5764 0.5690 0.5622 0.5560 0.5504 0.5455 0.5412 0.5375 0.5345 0.5322 0.5305 0.5295 0.5292 0.5295 0.5305 0.5322 0.5345 0.5375 0.5412 0.5455 0.5504 0.5560 0.5622 0.5690 0.5764 0.5844 0.5929 0.6020 0.6116 0.6218 0.6324 0.6435 0.6551 0.6672 0.6797 0.6927 0.7061 0.7200 0.7344 0.7493 0.7649 0.7812 0.7984 0.8167 0.8366 0.8585 0.8837 0.9147 0.9540 1.0000 
1.0000 0.9531 0.9131 0.8814 0.8558 0.8334 0.8132 0.7945 0.7770 0.7604 0.7445 0.7293 0.7146 0.7004 0.6868 0.6735 0.6608 0.6485 0.6367 0.6254 0.6145 0.6042 0.5944 0.5851 0.5764 0.5682 0.5607 0.5538 0.5475 0.5418 0.5368 0.5324 0.5287 0.5256 0.5232 0.5215 0.5205 0.5202 0.5205 0.5215 0.5232 0.5256 0.5287 0.5324 0.5368 0.5418 0.5475 0.5538 0.5607 0.5682 0.5764 0.5851 0.5944 0.6042 0.6145 0.6254 0.6367 0.6485 0.6608 0.6735 0.6868 0.7004 0.7146 0.7293 0.7445 0.7604 0.7770 0.7945 0.8132 0.8334 0.8558 0.8814 0.9131 0.9531 1.0000 
1.0000 0.9523 0.9115 0.8794 0.8532 0.8305 0.8099 0.7909 0.7731 0.7562 0.7401 0.7246 0.7096 0.6952 0.6813 0.6678 0.6549 0.6424 0.6304 0.6188 0.6078 0.5973 0.5873 0.5778 0.5690 0.5607 0.5530 0.5460 0.5396 0.5338 0.5287 0.5242 0.5204 0.5173 0.5149 0.5132 0.5121 0.5118 0.5121 0.5132 0.5149 0.5173 0.5204 0.5242 0.5287 0.5338 0.5396 0.5460 0.5530 0.5607 0.5690 0.5778 0.5873 0.5973 0.6078 0.6188 0.6304 0.6424 0.6549 0.6678 0.6813 0.6952 0.7096 0.7246 0.7401 0.7562 0.7731 0.7909 0.8099 0.8305 0.8532 0.8794 0.9115 0.9523 1.0000 
1.0000 0.9516 0.9102 0.8775 0.8509 0.8279 0.8069 0.7876 0.7695 0.7524 0.7360 0.7202 0.7050 0.6904 0.6763 0.6626 0.6494 0.6367 0.6245 0.6128 0.6016 0.5909 0.5808 0.5712 0.5622 0.5538 0.5460 0.5388 0.5323 0.5264 0.5212 0.5167 0.5129 0.5097 0.5073 0.5055 0.5044 0.5041 0.5044 0.5055 0.5073 0.5097 0.5129 0.5167 0.5212 0.5264 0.5323 0.5388 0.5460 0.5538 0.5622 0.5712 0.5808 0.5909 0.6016 0.6128 0.6245 0.6367 0.6494 0.6626 0.6763 0.6904 0.7050 0.7202 0.7360 0.7524 0.7695 0.7876 0.8069 0.8279 0.8509 0.8775 0.9102 0.9516 1.0000 
1.0000 0.9509 0.9089 0.8757 0.8488 0.8254 0.8042 0.7846 0.7663 0.7489 0.7322 0.7162 0.7009 0.6860 0.6717 0.6578 0.6445 0.6316 0.6192 0.6073 0.5960 0.5851 0.5748 0.5651 0.5560 0.5475 0.5396 0.5323 0.5257 0.5197 0.5145 0.5099 0.5060 0.5028 0.5003 0.4985 0.4974 0.4971 0.4974 0.4985 0.5003 0.5028 0.5060 0.5099 0.5145 0.5197 0.5257 0.5323 0.5396 0.5475 0.5560 0.5651 0.5748 0.5851 0.5960 0.6073 0.6192 0.6316 0.6445 0.6578 0.6717 0.6860 0.7009 0.7162 0.7322 0.7489 0.7663 0.7846 0.8042 0.8254 0.8488 0.8757 0.9089 0.9509 1.0000 
1.0000 0.9503 0.9077 0.8742 0.8469 0.8232 0.8018 0.7819 0.7633 0.7457 0.7289 0.7127 0.6971 0.6821 0.6676 0.6535 0.6400 0.6270 0.6144 0.6024 0.5909 0.5799 0.5695 0.5597 0.5504 0.5418 0.5338 0.5264 0.5197 0.5137 0.5084 0.5037 0.4998 0.4965 0.4940 0.4922 0.4911 0.4908 0.4911 0.4922 0.4940 0.4965 0.4998 0.5037 0.5084 0.5137 0.5197 0.5264 0.5338 0.5418 0.5504 0.5597 0.5695 0.5799 0.5909 0.6024 0.6144 0.6270 0.6400 0.6535 0.6676 0.6821 0.6971 0.7127 0.7289 0.7457 0.7633 0.7819 0.8018 0.8232 0.8469 0.8742 0.9077 0.9503 1.0000 
1.0000 0.9497 0.9067 0.8728 0.8452 0.8213 0.7996 0.7795 0.7607 0.7429 0.7259 0.7095 0.6938 0.6786 0.6639 0.6497 0.6361 0.6229 0.6102 0.5980 0.5864 0.5753 0.5648 0.5548 0.5455 0.5368 0.5287 0.5212 0.5145 0.5084 0.5030 0.4983 0.4943 0.4910 0.4885 0.4866 0.4855 0.4852 0.4855 0.4866 0.4885 0.4910 0.4943 0.4983 0.5030 0.5084 0.5145 0.5212 0.5287 0.5368 0.5455 0.5548 0.5648 0.5753 0.5864 0.5980 0.6102 0.6229 0.6361 0.6497 0.6639 0.6786 0.6938 0.7095 0.7259 0.7429 0.7607 0.7795 0.7996 0.8213 0.8452 0.8728 0.9067 0.9497 1.0000 
1.0000 0.9492 0.9058 0.8716 0.8438 0.8196 0.7977 0.7774 0.7585 0.7405 0.7233 0.7068 0.6909 0.6755 0.6607 0.6464 0.6326 0.6193 0.6065 0.5942 0.5825 0.5713 0.5607 0.5506 0.5412 0.5324 0.5242 0.5167 0.5099 0.5037 0.4983 0.4935 0.4895 0.4862 0.4836 0.4818 0.4807 0.4803 0.4807 0.4818 0.4836 0.4862 0.4895 0.4935 0.4983 0.5037 0.5099 0.5167 0.5242 0.5324 0.5412 0.5506 0.5607 0.5713 0.5825 0.5942 0.6065 0.6193 0.6326 0.6464 0.6607 0.6755 0.6909 0.7068 0.7233 0.7405 0.7585 0.7774 0.7977 0.8196 0.8438 0.8716 0.9058 0.9492 1.0000 
1.0000 0.9488 0.9051 0.8706 0.8425 0.8182 0.7961 0.7757 0.7565 0.7384 0.7211 0.7045 0.6884 0.6730 0.6580 0.6436 0.6297 0.6163 0.6034 0.5910 0.5792 0.5679 0.5572 0.5470 0.5375 0.5287 0.5204 0.5129 0.5060 0.4998 0.4943 0.4895 0.4854 0.4821 0.4795 0.4777 0.4765 0.4762 0.4765 0.4777 0.4795 0.4821 0.4854 0.4895 0.4943 0.4998 0.5060 0.5129 0.5204 0.5287 0.5375 0.5470 0.5572 0.5679 0.5792 0.5910 0.6034 0.6163 0.6297 0.6436 0.6580 0.6730 0.6884 0.7045 0.7211 0.7384 0.7565 0.7757 0.7961 0.8182 0.8425 0.8706 0.9051 0.9488 1.0000 
1.0000 0.9485 0.9045 0.8697 0.8415 0.8170 0.7948 0.7742 0.7550 0.7367 0.7193 0.7025 0.6864 0.6708 0.6558 0.6413 0.6273 0.6138 0.6008 0.5884 0.5765 0.5651 0.5543 0.5441 0.5345 0.5256 0.5173 0.5097 0.5028 0.4965 0.4910 0.4862 0.4821 0.4788 0.4762 0.4743 0.4732 0.4728 0.4732 0.4743 0.4762 0.4788 0.4821 0.4862 0.4910 0.4965 0.5028 0.5097 0.5173 0.5256 0.5345 0.5441 0.5543 0.5651 0.5765 0.5884 0.6008 0.6138 0.6273 0.6413 0.6558 0.6708 0.6864 0.7025 0.7193 0.7367 0.7550 0.7742 0.7948 0.8170 0.8415 0.8697 0.9045 0.9485 1.0000 
1.0000 0.9482 0.9040 0.8691 0.8407 0.8161 0.7937 0.7731 0.7537 0.7354 0.7179 0.7011 0.6848 0.6692 0.6541 0.6395 0.6254 0.6119 0.5988 0.5863 0.5743 0.5629 0.5521 0.5418 0.5322 0.5232 0.5149 0.5073 0.5003 0.4940 0.4885 0.4836 0.4795 0.4762 0.4735 0.4717 0.4705 0.4701 0.4705 0.4717 0.4735 0.4762 0.4795 0.4836 0.4885 0.4940 0.5003 0.5073 0.5149 0.5232 0.5322 0.5418 0.5521 0.5629 0.5743 0.5863 0.5988 0.6119 0.6254 0.6395 0.6541 0.6692 0.6848 0.7011 0.7179 0.7354 0.7537 0.7731 0.7937 0.8161 0.8407 0.8691 0.9040 0.9482 1.0000 
1.0000 0.9481 0.9037 0.8686 0.8402 0.8154 0.7930 0.7723 0.7529 0.7345 0.7169 0.7000 0.6837 0.6680 0.6529 0.6382 0.6241 0.6105 0.5974 0.5848 0.5728 0.5614 0.5505 0.5402 0.5305 0.5215 0.5132 0.5055 0.4985 0.4922 0.4866 0.4818 0.4777 0.4743 0.4717 0.4698 0.4686 0.4683 0.4686 0.4698 0.4717 0.4743 0.4777 0.4818 0.4866 0.4922 0.4985 0.5055 0.5132 0.5215 0.5305 0.5402 0.5505 0.5614 0.5728 0.5848 0.5974 0.6105 0.6241 0.6382 0.6529 0.6680 0.6837 0.7000 0.7169 0.7345 0.7529 0.7723 0.7930 0.8154 0.8402 0.8686 0.9037 0.9481 1.0000 
1.0000 0.9480 0.9035 0.8683 0.8398 0.8150 0.7925 0.7718 0.7523 0.7339 0.7163 0.6993 0.6830 0.6673 0.6521 0.6375 0.6233 0.6097 0.5965 0.5839 0.5719 0.5604 0.5495 0.5392 0.5295 0.5205 0.5121 0.5044 0.4974 0.4911 0.4855 0.4807 0.4765 0.4732 0.4705 0.4686 0.4675 0.4671 0.4675 0.4686 0.4705 0.4732 0.4765 0.4807 0.4855 0.4911 0.4974 0.5044 0.5121 0.5205 0.5295 0.5392 0.5495 0.5604 0.5719 0.5839 0.5965 0.6097 0.6233 0.6375 0.6521 0.6673 0.6830 0.6993 0.7163 0.7339 0.7523 0.7718 0.7925 0.8150 0.8398 0.8683 0.9035 0.9480 1.0000 
1.0000 0.9479 0.9034 0.8682 0.8397 0.8149 0.7924 0.7716 0.7522 0.7337 0.7161 0.6991 0.6828 0.6671 0.6519 0.6372 0.6230 0.6094 0.5963 0.5837 0.5716 0.5601 0.5492 0.5389 0.5292 0.5202 0.5118 0.5041 0.4971 0.4908 0.4852 0.4803 0.4762 0.4728 0.4701 0.4683 0.4671 0.4667 0.4671 0.4683 0.4701 0.4728 0.4762 0.4803 0.4852 0.4908 0.4971 0.5041 0.5118 0.5202 0.5292 0.5389 0.5492 0.5601 0.5716 0.5837 0.5963 0.6094 0.6230 0.6372 0.6519 0.6671 0.6828 0.6991 0.7161 0.7337 0.7522 0.7716 0.7924 0.8149 0.8397 0.8682 0.9034 0.9479 1.0000 
1.0000 0.9480 0.9035 0.8683 0.8398 0.8150 0.7925 0.7718 0.7523 0.7339 0.7163 0.6993 0.6830 0.6673 0.6521 0.6375 0.6233 0.6097 0.5965 0.5839 0.5719 0.5604 0.5495 0.5392 0.5295 0.5205 0.5121 0.5044 0.4974 0.4911 0.4855 0.4807 0.4765 0.4732 0.4705 0.4686 0.4675 0.4671 0.4675 0.4686 0.4705 0.4732 0.4765 0.4807 0.4855 0.4911 0.4974 0.5044 0.5121 0.5205 0.5295 0.5392 0.5495 0.5604 0.5719 0.5839 0.5965 0.6097 0.6233 0.6375 0.6521 0.6673 0.6830 0.6993 0.7163 0.7339 0.7523 0.7718 0.7925 0.8150 0.8398 0.8683 0.9035 0.9480 1.0000 
1.0000 0.9481 0.9037 0.8686 0.8402 0.8154 0.7930 0.7723 0.7529 0.7345 0.7169 0.7000 0.6837 0.6680 0.6529 0.6382 0.6241 0.6105 0.5974 0.5848 0.5728 0.5614 0.5505 0.5402 0.5305 0.5215 0.5132 0.5055 0.4985 0.4922 0.4866 0.4818 0.4777 0.4743 0.4717 0.4698 0.4686 0.4683 0.4686 0.4698 0.4717 0.4743 0.4777 0.4818 0.4866 0.4922 0.4985 0.5055 0.5132 0.5215 0.5305 0.5402 0.5505 0.5614 0.5728 0.5848 0.5974 0.6105 0.6241 0.6382 0.6529 0.6680 0.6837 0.7000 0.7169 0.7345 0.7529 0.7723 0.7930 0.8154 0.8402 0.8686 0.9037 0.9481 1.0000 
1.0000 0.9482 0.9040 0.8691 0.8407 0.8161 0.7937 0.7731 0.7537 0.7354 0.7179 0.7011 0.6848 0.6692 0.6541 0.6395 0.6254 0.6119 0.5988 0.5863 0.5743 0.5629 0.5521 0.5418 0.5322 0.5232 0.5149 0.5073 0.5003 0.4940 0.4885 0.4836 0.4795 0.4762 0.4735 0.4717 0.4705 0.4701 0.4705 0.4717 0.4735 0.4762 0.4795 0.4836 0.4885 0.4940 0.5003 0.5073 0.5149 0.5232 0.5322 0.5418 0.5521 0.5629 0.5743 0.5863 0.5988 0.6119 0.6254 0.6395 0.6541 0.6692 0.6848 0.7011 0.7179 0.7354 0.7537 0.7731 0.7937 0.8161 0.8407 0.8691 0.9040 0.9482 1.0000 
1.0000 0.9485 0.9045 0.8697 0.8415 0.8170 0.7948 0.7742 0.7550 0.7367 0.7193 0.7025 0.6864 0.6708 0.6558 0.6413 0.6273 0.6138 0.6008 0.5884 0.5765 0.5651 0.5543 0.5441 0.5345 0.5256 0.5173 0.5097 0.5028 0.4965 0.4910 0.4862 0.4821 0.4788 0.4762 0.4743 0.4732 0.4728 0.4732 0.4743 0.4762 0.4788 0.4821 0.4862 0.4910 0.4965 0.5028 0.5097 0.5173 0.5256 0.5345 0.5441 0.5543 0.5651 0.5765 0.5884 0.6008 0.6138 0.6273 0.6413 0.6558 0.6708 0.6864 0.7025 0.7193 0.7367 0.7550 0.7742 0.7948 0.8170 0.8415 0.8697 0.9045 0.9485 1.0000 
1.0000 0.9488 0.9051 0.8706 0.8425 0.8182 0.7961 0.7757 0.7565 0.7384 0.7211 0.7045 0.6884 0.6730 0.6580 0.6436 0.6297 0.6163 0.6034 0.5910 0.5792 0.5679 0.5572 0.5470 0.5375 0.5287 0.5204 0.5129 0.5060 0.4998 0.4943 0.4895 0.4854 0.4821 0.4795 0.4777 0.4765 0.4762 0.4765 0.4777 0.4795 0.4821 0.4854 0.4895 0.4943 0.4998 0.5060 0.5129 0.5204 0.5287 0.5375 0.5470 0.5572 0.5679 0.5792 0.5910 0.6034 0.6163 0.6297 0.6436 0.6580 0.6730 0.6884 0.7045 0.7211 0.7384 0.7565 0.7757 0.7961 0.8182 0.8425 0.8706 0.9051 0.9488 1.0000 
1.0000 0.9492 0.9058 0.8716 0.8438 0.8196 0.7977 0.7774 0.7585 0.7405 0.7233 0.7068 0.6909 0.6755 0.6607 0.6464 0.6326 0.6193 0.6065 0.5942 0.5825 0.5713 0.5607 0.5506 0.5412 0.5324 0.5242 0.5167 0.5099 0.5037 0.4983 0.4935 0.4895 0.4862 0.4836 0.4818 0.4807 0.4803 0.4807 0.4818 0.4836 0.4862 0.4895 0.4935 0.4983 0.5037 0.5099 0.5167 0.5242 0.5324 0.5412 0.5506 0.5607 0.5713 0.5825 0.5942 0.6065 0.6193 0.6326 0.6464 0.6607 0.6755 0.6909 0.7068 0.7233 0.7405 0.7585 0.7774 0.7977 0.8196 0.8438 0.8716 0.9058 0.9492 1.0000 
1.0000 0.9497 0.9067 0.8728 0.8452 0.8213 0.7996 0.7795 0.7607 0.7429 0.7259 0.7095 0.6938 0.6786 0.6639 0.6497 0.6361 0.6229 0.6102 0.5980 0.5864 0.5753 0.5648 0.5548 0.5455 0.5368 0.5287 0.5212 0.5145 0.5084 0.5030 0.4983 0.4943 0.4910 0.4885 0.4866 0.4855 0.4852 0.4855 0.4866 0.4885 0.4910 0.4943 0.4983 0.5030 0.5084 0.5145 0.5212 0.5287 0.5368 0.5455 0.5548 0.5648 0.5753 0.5864 0.5980 0.6102 0.6229 0.6361 0.6497 0.6639 0.6786 0.6938 0.7095 0.7259 0.7429 0.7607 0.7795 0.7996 0.8213 0.8452 0.8728 0.9067 0.9497 1.0000 
1.0000 0.9503 0.9077 0.8742 0.8469 0.8232 0.8018 0.7819 0.7633 0.7457 0.7289 0.7127 0.6971 0.6821 0.6676 0.6535 0.6400 0.6270 0.6144 0.6024 0.5909 0.5799 0.5695 0.5597 0.5504 0.5418 0.5338 0.5264 0.5197 0.5137 0.5084 0.5037 0.4998 0.4965 0.4940 0.4922 0.4911 0.4908 0.4911 0.4922 0.4940 0.4965 0.4998 0.5037 0.5084 0.5137 0.5197 0.5264 0.5338 0.5418 0.5504 0.5597 0.5695 0.5799 0.5909 0.6024 0.6144 0.6270 0.6400 0.6535 0.6676 0.6821 0.6971 0.7127 0.7289 0.7457 0.7633 0.7819 0.8018 0.8232 0.8469 0.8742 0.9077 0.9503 1.0000 
1.0000 0.9509 0.9089 0.8757 0.8488 0.8254 0.8042 0.7846 0.7663 0.7489 0.7322 0.7162 0.7009 0.6860 0.6717 0.6578 0.6445 0.6316 0.6192 0.6073 0.5960 0.5851 0.5748 0.5651 0.5560 0.5475 0.5396 0.5323 0.5257 0.5197 0.5145 0.5099 0.5060 0.5028 0.5003 0.4985 0.4974 0.4971 0.4974 0.4985 0.5003 0.5028 0.5060 0.5099 0.5145 0.5197 0.5257 0.5323 0.5396 0.5475 0.5560 0.5651 0.5748 0.5851 0.5960 0.6073 0.6192 0.6316 0.6445 0.6578 0.6717 0.6860 0.7009 0.7162 0.7322 0.7489 0.7663 0.7846 0.8042 0.8254 0.8488 0.8757 0.9089 0.9509 1.0000 
